inputed 5 scanners
scanner 0:
0-1: [-124, 55, -1310]
0-2: [1242, -1179, -1635]
0-3: [14, 87, -108]
0-4: [941, 235, -443]
0-5: [889, -231, -1248]
0-6: [749, -277, -1282]
0-7: [1065, 228, -326]
0-8: [1280, -1237, -1664]
0-9: [1022, 236, -280]
0-10: [-149, -933, -334]
0-11: [-70, -1168, -1568]
0-12: [851, -259, -1219]
0-13: [988, -1456, -344]
0-14: [-140, 39, -11]
0-15: [-160, -980, -424]
0-16: [-51, -1317, -1629]
0-17: [1296, -1112, -1585]
0-18: [1093, -1433, -371]
0-19: [-19, 113, -1335]
0-20: [397, -555, -830]
0-21: [-226, -907, -522]
0-22: [-39, -1168, -1563]
0-23: [1193, -1488, -350]
0-24: [-55, 119, -1302]
1-2: [1366, -1234, -325]
1-3: [138, 32, 1202]
1-4: [1065, 180, 867]
1-5: [1013, -286, 62]
1-6: [873, -332, 28]
1-7: [1189, 173, 984]
1-8: [1404, -1292, -354]
1-9: [1146, 181, 1030]
1-10: [-25, -988, 976]
1-11: [54, -1223, -258]
1-12: [975, -314, 91]
1-13: [1112, -1511, 966]
1-14: [-16, -16, 1299]
1-15: [-36, -1035, 886]
1-16: [73, -1372, -319]
1-17: [1420, -1167, -275]
1-18: [1217, -1488, 939]
1-19: [105, 58, -25]
1-20: [521, -610, 480]
1-21: [-102, -962, 788]
1-22: [85, -1223, -253]
1-23: [1317, -1543, 960]
1-24: [69, 64, 8]
2-3: [-1228, 1266, 1527]
2-4: [-301, 1414, 1192]
2-5: [-353, 948, 387]
2-6: [-493, 902, 353]
2-7: [-177, 1407, 1309]
2-8: [38, -58, -29]
2-9: [-220, 1415, 1355]
2-10: [-1391, 246, 1301]
2-11: [-1312, 11, 67]
2-12: [-391, 920, 416]
2-13: [-254, -277, 1291]
2-14: [-1382, 1218, 1624]
2-15: [-1402, 199, 1211]
2-16: [-1293, -138, 6]
2-17: [54, 67, 50]
2-18: [-149, -254, 1264]
2-19: [-1261, 1292, 300]
2-20: [-845, 624, 805]
2-21: [-1468, 272, 1113]
2-22: [-1281, 11, 72]
2-23: [-49, -309, 1285]
2-24: [-1297, 1298, 333]
3-4: [927, 148, -335]
3-5: [875, -318, -1140]
3-6: [735, -364, -1174]
3-7: [1051, 141, -218]
3-8: [1266, -1324, -1556]
3-9: [1008, 149, -172]
3-10: [-163, -1020, -226]
3-11: [-84, -1255, -1460]
3-12: [837, -346, -1111]
3-13: [974, -1543, -236]
3-14: [-154, -48, 97]
3-15: [-174, -1067, -316]
3-16: [-65, -1404, -1521]
3-17: [1282, -1199, -1477]
3-18: [1079, -1520, -263]
3-19: [-33, 26, -1227]
3-20: [383, -642, -722]
3-21: [-240, -994, -414]
3-22: [-53, -1255, -1455]
3-23: [1179, -1575, -242]
3-24: [-69, 32, -1194]
4-5: [-52, -466, -805]
4-6: [-192, -512, -839]
4-7: [124, -7, 117]
4-8: [339, -1472, -1221]
4-9: [81, 1, 163]
4-10: [-1090, -1168, 109]
4-11: [-1011, -1403, -1125]
4-12: [-90, -494, -776]
4-13: [47, -1691, 99]
4-14: [-1081, -196, 432]
4-15: [-1101, -1215, 19]
4-16: [-992, -1552, -1186]
4-17: [355, -1347, -1142]
4-18: [152, -1668, 72]
4-19: [-960, -122, -892]
4-20: [-544, -790, -387]
4-21: [-1167, -1142, -79]
4-22: [-980, -1403, -1120]
4-23: [252, -1723, 93]
4-24: [-996, -116, -859]
5-6: [-140, -46, -34]
5-7: [176, 459, 922]
5-8: [391, -1006, -416]
5-9: [133, 467, 968]
5-10: [-1038, -702, 914]
5-11: [-959, -937, -320]
5-12: [-38, -28, 29]
5-13: [99, -1225, 904]
5-14: [-1029, 270, 1237]
5-15: [-1049, -749, 824]
5-16: [-940, -1086, -381]
5-17: [407, -881, -337]
5-18: [204, -1202, 877]
5-19: [-908, 344, -87]
5-20: [-492, -324, 418]
5-21: [-1115, -676, 726]
5-22: [-928, -937, -315]
5-23: [304, -1257, 898]
5-24: [-944, 350, -54]
6-7: [316, 505, 956]
6-8: [531, -960, -382]
6-9: [273, 513, 1002]
6-10: [-898, -656, 948]
6-11: [-819, -891, -286]
6-12: [102, 18, 63]
6-13: [239, -1179, 938]
6-14: [-889, 316, 1271]
6-15: [-909, -703, 858]
6-16: [-800, -1040, -347]
6-17: [547, -835, -303]
6-18: [344, -1156, 911]
6-19: [-768, 390, -53]
6-20: [-352, -278, 452]
6-21: [-975, -630, 760]
6-22: [-788, -891, -281]
6-23: [444, -1211, 932]
6-24: [-804, 396, -20]
7-8: [215, -1465, -1338]
7-9: [-43, 8, 46]
7-10: [-1214, -1161, -8]
7-11: [-1135, -1396, -1242]
7-12: [-214, -487, -893]
7-13: [-77, -1684, -18]
7-14: [-1205, -189, 315]
7-15: [-1225, -1208, -98]
7-16: [-1116, -1545, -1303]
7-17: [231, -1340, -1259]
7-18: [28, -1661, -45]
7-19: [-1084, -115, -1009]
7-20: [-668, -783, -504]
7-21: [-1291, -1135, -196]
7-22: [-1104, -1396, -1237]
7-23: [128, -1716, -24]
7-24: [-1120, -109, -976]
8-9: [-258, 1473, 1384]
8-10: [-1429, 304, 1330]
8-11: [-1350, 69, 96]
8-12: [-429, 978, 445]
8-13: [-292, -219, 1320]
8-14: [-1420, 1276, 1653]
8-15: [-1440, 257, 1240]
8-16: [-1331, -80, 35]
8-17: [16, 125, 79]
8-18: [-187, -196, 1293]
8-19: [-1299, 1350, 329]
8-20: [-883, 682, 834]
8-21: [-1506, 330, 1142]
8-22: [-1319, 69, 101]
8-23: [-87, -251, 1314]
8-24: [-1335, 1356, 362]
9-10: [-1171, -1169, -54]
9-11: [-1092, -1404, -1288]
9-12: [-171, -495, -939]
9-13: [-34, -1692, -64]
9-14: [-1162, -197, 269]
9-15: [-1182, -1216, -144]
9-16: [-1073, -1553, -1349]
9-17: [274, -1348, -1305]
9-18: [71, -1669, -91]
9-19: [-1041, -123, -1055]
9-20: [-625, -791, -550]
9-21: [-1248, -1143, -242]
9-22: [-1061, -1404, -1283]
9-23: [171, -1724, -70]
9-24: [-1077, -117, -1022]
10-11: [79, -235, -1234]
10-12: [1000, 674, -885]
10-13: [1137, -523, -10]
10-14: [9, 972, 323]
10-15: [-11, -47, -90]
10-16: [98, -384, -1295]
10-17: [1445, -179, -1251]
10-18: [1242, -500, -37]
10-19: [130, 1046, -1001]
10-20: [546, 378, -496]
10-21: [-77, 26, -188]
10-22: [110, -235, -1229]
10-23: [1342, -555, -16]
10-24: [94, 1052, -968]
11-12: [921, 909, 349]
11-13: [1058, -288, 1224]
11-14: [-70, 1207, 1557]
11-15: [-90, 188, 1144]
11-16: [19, -149, -61]
11-17: [1366, 56, -17]
11-18: [1163, -265, 1197]
11-19: [51, 1281, 233]
11-20: [467, 613, 738]
11-21: [-156, 261, 1046]
11-22: [31, 0, 5]
11-23: [1263, -320, 1218]
11-24: [15, 1287, 266]
12-13: [137, -1197, 875]
12-14: [-991, 298, 1208]
12-15: [-1011, -721, 795]
12-16: [-902, -1058, -410]
12-17: [445, -853, -366]
12-18: [242, -1174, 848]
12-19: [-870, 372, -116]
12-20: [-454, -296, 389]
12-21: [-1077, -648, 697]
12-22: [-890, -909, -344]
12-23: [342, -1229, 869]
12-24: [-906, 378, -83]
13-14: [-1128, 1495, 333]
13-15: [-1148, 476, -80]
13-16: [-1039, 139, -1285]
13-17: [308, 344, -1241]
13-18: [105, 23, -27]
13-19: [-1007, 1569, -991]
13-20: [-591, 901, -486]
13-21: [-1214, 549, -178]
13-22: [-1027, 288, -1219]
13-23: [205, -32, -6]
13-24: [-1043, 1575, -958]
14-15: [-20, -1019, -413]
14-16: [89, -1356, -1618]
14-17: [1436, -1151, -1574]
14-18: [1233, -1472, -360]
14-19: [121, 74, -1324]
14-20: [537, -594, -819]
14-21: [-86, -946, -511]
14-22: [101, -1207, -1552]
14-23: [1333, -1527, -339]
14-24: [85, 80, -1291]
15-16: [109, -337, -1205]
15-17: [1456, -132, -1161]
15-18: [1253, -453, 53]
15-19: [141, 1093, -911]
15-20: [557, 425, -406]
15-21: [-66, 73, -98]
15-22: [121, -188, -1139]
15-23: [1353, -508, 74]
15-24: [105, 1099, -878]
16-17: [1347, 205, 44]
16-18: [1144, -116, 1258]
16-19: [32, 1430, 294]
16-20: [448, 762, 799]
16-21: [-175, 410, 1107]
16-22: [12, 149, 66]
16-23: [1244, -171, 1279]
16-24: [-4, 1436, 327]
17-18: [-203, -321, 1214]
17-19: [-1315, 1225, 250]
17-20: [-899, 557, 755]
17-21: [-1522, 205, 1063]
17-22: [-1335, -56, 22]
17-23: [-103, -376, 1235]
17-24: [-1351, 1231, 283]
18-19: [-1112, 1546, -964]
18-20: [-696, 878, -459]
18-21: [-1319, 526, -151]
18-22: [-1132, 265, -1192]
18-23: [100, -55, 21]
18-24: [-1148, 1552, -931]
19-20: [416, -668, 505]
19-21: [-207, -1020, 813]
19-22: [-20, -1281, -228]
19-23: [1212, -1601, 985]
19-24: [-36, 6, 33]
20-21: [-623, -352, 308]
20-22: [-436, -613, -733]
20-23: [796, -933, 480]
20-24: [-452, 674, -472]
21-22: [187, -261, -1041]
21-23: [1419, -581, 172]
21-24: [171, 1026, -780]
22-23: [1232, -320, 1213]
22-24: [-16, 1287, 261]
23-24: [-1248, 1607, -952]
scanner 1:
0-1: [81, -1, 163]
0-2: [171, -495, 939]
0-3: [1022, -236, -280]
0-4: [591, 284, 556]
0-5: [1162, -197, -269]
0-6: [1026, 991, 1424]
0-7: [119, 783, -149]
0-8: [1146, -181, 1030]
0-9: [17, 824, -22]
0-10: [-43, -8, 46]
0-11: [1186, 1183, 44]
0-12: [1008, -149, -172]
0-13: [1152, 1088, 1389]
0-14: [1115, 1014, 4]
0-15: [1041, -123, 1055]
0-16: [-17, 913, 1107]
0-17: [1014, 1107, 58]
0-18: [273, -513, 1002]
0-19: [1077, -117, 1022]
0-20: [100, 857, 21]
0-21: [1050, 1185, 1471]
0-22: [-121, 921, 1289]
0-23: [-69, 776, 1197]
0-24: [133, -467, 968]
1-2: [90, -494, 776]
1-3: [941, -235, -443]
1-4: [510, 285, 393]
1-5: [1081, -196, -432]
1-6: [945, 992, 1261]
1-7: [38, 784, -312]
1-8: [1065, -180, 867]
1-9: [-64, 825, -185]
1-10: [-124, -7, -117]
1-11: [1105, 1184, -119]
1-12: [927, -148, -335]
1-13: [1071, 1089, 1226]
1-14: [1034, 1015, -159]
1-15: [960, -122, 892]
1-16: [-98, 914, 944]
1-17: [933, 1108, -105]
1-18: [192, -512, 839]
1-19: [996, -116, 859]
1-20: [19, 858, -142]
1-21: [969, 1186, 1308]
1-22: [-202, 922, 1126]
1-23: [-150, 777, 1034]
1-24: [52, -466, 805]
2-3: [851, 259, -1219]
2-4: [420, 779, -383]
2-5: [991, 298, -1208]
2-6: [855, 1486, 485]
2-7: [-52, 1278, -1088]
2-8: [975, 314, 91]
2-9: [-154, 1319, -961]
2-10: [-214, 487, -893]
2-11: [1015, 1678, -895]
2-12: [837, 346, -1111]
2-13: [981, 1583, 450]
2-14: [944, 1509, -935]
2-15: [870, 372, 116]
2-16: [-188, 1408, 168]
2-17: [843, 1602, -881]
2-18: [102, -18, 63]
2-19: [906, 378, 83]
2-20: [-71, 1352, -918]
2-21: [879, 1680, 532]
2-22: [-292, 1416, 350]
2-23: [-240, 1271, 258]
2-24: [-38, 28, 29]
3-4: [-431, 520, 836]
3-5: [140, 39, 11]
3-6: [4, 1227, 1704]
3-7: [-903, 1019, 131]
3-8: [124, 55, 1310]
3-9: [-1005, 1060, 258]
3-10: [-1065, 228, 326]
3-11: [164, 1419, 324]
3-12: [-14, 87, 108]
3-13: [130, 1324, 1669]
3-14: [93, 1250, 284]
3-15: [19, 113, 1335]
3-16: [-1039, 1149, 1387]
3-17: [-8, 1343, 338]
3-18: [-749, -277, 1282]
3-19: [55, 119, 1302]
3-20: [-922, 1093, 301]
3-21: [28, 1421, 1751]
3-22: [-1143, 1157, 1569]
3-23: [-1091, 1012, 1477]
3-24: [-889, -231, 1248]
4-5: [571, -481, -825]
4-6: [435, 707, 868]
4-7: [-472, 499, -705]
4-8: [555, -465, 474]
4-9: [-574, 540, -578]
4-10: [-634, -292, -510]
4-11: [595, 899, -512]
4-12: [417, -433, -728]
4-13: [561, 804, 833]
4-14: [524, 730, -552]
4-15: [450, -407, 499]
4-16: [-608, 629, 551]
4-17: [423, 823, -498]
4-18: [-318, -797, 446]
4-19: [486, -401, 466]
4-20: [-491, 573, -535]
4-21: [459, 901, 915]
4-22: [-712, 637, 733]
4-23: [-660, 492, 641]
4-24: [-458, -751, 412]
5-6: [-136, 1188, 1693]
5-7: [-1043, 980, 120]
5-8: [-16, 16, 1299]
5-9: [-1145, 1021, 247]
5-10: [-1205, 189, 315]
5-11: [24, 1380, 313]
5-12: [-154, 48, 97]
5-13: [-10, 1285, 1658]
5-14: [-47, 1211, 273]
5-15: [-121, 74, 1324]
5-16: [-1179, 1110, 1376]
5-17: [-148, 1304, 327]
5-18: [-889, -316, 1271]
5-19: [-85, 80, 1291]
5-20: [-1062, 1054, 290]
5-21: [-112, 1382, 1740]
5-22: [-1283, 1118, 1558]
5-23: [-1231, 973, 1466]
5-24: [-1029, -270, 1237]
6-7: [-907, -208, -1573]
6-8: [120, -1172, -394]
6-9: [-1009, -167, -1446]
6-10: [-1069, -999, -1378]
6-11: [160, 192, -1380]
6-12: [-18, -1140, -1596]
6-13: [126, 97, -35]
6-14: [89, 23, -1420]
6-15: [15, -1114, -369]
6-16: [-1043, -78, -317]
6-17: [-12, 116, -1366]
6-18: [-753, -1504, -422]
6-19: [51, -1108, -402]
6-20: [-926, -134, -1403]
6-21: [24, 194, 47]
6-22: [-1147, -70, -135]
6-23: [-1095, -215, -227]
6-24: [-893, -1458, -456]
7-8: [1027, -964, 1179]
7-9: [-102, 41, 127]
7-10: [-162, -791, 195]
7-11: [1067, 400, 193]
7-12: [889, -932, -23]
7-13: [1033, 305, 1538]
7-14: [996, 231, 153]
7-15: [922, -906, 1204]
7-16: [-136, 130, 1256]
7-17: [895, 324, 207]
7-18: [154, -1296, 1151]
7-19: [958, -900, 1171]
7-20: [-19, 74, 170]
7-21: [931, 402, 1620]
7-22: [-240, 138, 1438]
7-23: [-188, -7, 1346]
7-24: [14, -1250, 1117]
8-9: [-1129, 1005, -1052]
8-10: [-1189, 173, -984]
8-11: [40, 1364, -986]
8-12: [-138, 32, -1202]
8-13: [6, 1269, 359]
8-14: [-31, 1195, -1026]
8-15: [-105, 58, 25]
8-16: [-1163, 1094, 77]
8-17: [-132, 1288, -972]
8-18: [-873, -332, -28]
8-19: [-69, 64, -8]
8-20: [-1046, 1038, -1009]
8-21: [-96, 1366, 441]
8-22: [-1267, 1102, 259]
8-23: [-1215, 957, 167]
8-24: [-1013, -286, -62]
9-10: [-60, -832, 68]
9-11: [1169, 359, 66]
9-12: [991, -973, -150]
9-13: [1135, 264, 1411]
9-14: [1098, 190, 26]
9-15: [1024, -947, 1077]
9-16: [-34, 89, 1129]
9-17: [997, 283, 80]
9-18: [256, -1337, 1024]
9-19: [1060, -941, 1044]
9-20: [83, 33, 43]
9-21: [1033, 361, 1493]
9-22: [-138, 97, 1311]
9-23: [-86, -48, 1219]
9-24: [116, -1291, 990]
10-11: [1229, 1191, -2]
10-12: [1051, -141, -218]
10-13: [1195, 1096, 1343]
10-14: [1158, 1022, -42]
10-15: [1084, -115, 1009]
10-16: [26, 921, 1061]
10-17: [1057, 1115, 12]
10-18: [316, -505, 956]
10-19: [1120, -109, 976]
10-20: [143, 865, -25]
10-21: [1093, 1193, 1425]
10-22: [-78, 929, 1243]
10-23: [-26, 784, 1151]
10-24: [176, -459, 922]
11-12: [-178, -1332, -216]
11-13: [-34, -95, 1345]
11-14: [-71, -169, -40]
11-15: [-145, -1306, 1011]
11-16: [-1203, -270, 1063]
11-17: [-172, -76, 14]
11-18: [-913, -1696, 958]
11-19: [-109, -1300, 978]
11-20: [-1086, -326, -23]
11-21: [-136, 2, 1427]
11-22: [-1307, -262, 1245]
11-23: [-1255, -407, 1153]
11-24: [-1053, -1650, 924]
12-13: [144, 1237, 1561]
12-14: [107, 1163, 176]
12-15: [33, 26, 1227]
12-16: [-1025, 1062, 1279]
12-17: [6, 1256, 230]
12-18: [-735, -364, 1174]
12-19: [69, 32, 1194]
12-20: [-908, 1006, 193]
12-21: [42, 1334, 1643]
12-22: [-1129, 1070, 1461]
12-23: [-1077, 925, 1369]
12-24: [-875, -318, 1140]
13-14: [-37, -74, -1385]
13-15: [-111, -1211, -334]
13-16: [-1169, -175, -282]
13-17: [-138, 19, -1331]
13-18: [-879, -1601, -387]
13-19: [-75, -1205, -367]
13-20: [-1052, -231, -1368]
13-21: [-102, 97, 82]
13-22: [-1273, -167, -100]
13-23: [-1221, -312, -192]
13-24: [-1019, -1555, -421]
14-15: [-74, -1137, 1051]
14-16: [-1132, -101, 1103]
14-17: [-101, 93, 54]
14-18: [-842, -1527, 998]
14-19: [-38, -1131, 1018]
14-20: [-1015, -157, 17]
14-21: [-65, 171, 1467]
14-22: [-1236, -93, 1285]
14-23: [-1184, -238, 1193]
14-24: [-982, -1481, 964]
15-16: [-1058, 1036, 52]
15-17: [-27, 1230, -997]
15-18: [-768, -390, -53]
15-19: [36, 6, -33]
15-20: [-941, 980, -1034]
15-21: [9, 1308, 416]
15-22: [-1162, 1044, 234]
15-23: [-1110, 899, 142]
15-24: [-908, -344, -87]
16-17: [1031, 194, -1049]
16-18: [290, -1426, -105]
16-19: [1094, -1030, -85]
16-20: [117, -56, -1086]
16-21: [1067, 272, 364]
16-22: [-104, 8, 182]
16-23: [-52, -137, 90]
16-24: [150, -1380, -139]
17-18: [-741, -1620, 944]
17-19: [63, -1224, 964]
17-20: [-914, -250, -37]
17-21: [36, 78, 1413]
17-22: [-1135, -186, 1231]
17-23: [-1083, -331, 1139]
17-24: [-881, -1574, 910]
18-19: [804, 396, 20]
18-20: [-173, 1370, -981]
18-21: [777, 1698, 469]
18-22: [-394, 1434, 287]
18-23: [-342, 1289, 195]
18-24: [-140, 46, -34]
19-20: [-977, 974, -1001]
19-21: [-27, 1302, 449]
19-22: [-1198, 1038, 267]
19-23: [-1146, 893, 175]
19-24: [-944, -350, -54]
20-21: [950, 328, 1450]
20-22: [-221, 64, 1268]
20-23: [-169, -81, 1176]
20-24: [33, -1324, 947]
21-22: [-1171, -264, -182]
21-23: [-1119, -409, -274]
21-24: [-917, -1652, -503]
22-23: [52, -145, -92]
22-24: [254, -1388, -321]
23-24: [202, -1243, -229]
scanner 2:
0-1: [-33, 1435, 161]
0-2: [1433, 107, 1189]
0-3: [1293, 56, 1260]
0-4: [1237, 1483, 17]
0-5: [679, 634, 621]
0-6: [1323, 80, -98]
0-7: [149, -83, 1125]
0-8: [40, -31, 1044]
0-9: [1204, 1440, 12]
0-10: [1324, 1532, 1008]
0-11: [-48, 1066, 1275]
0-12: [71, -64, -16]
0-13: [156, -24, 1053]
0-14: [1320, 1498, 135]
0-15: [1316, 297, -135]
0-16: [78, 1101, 1372]
0-17: [787, 806, 553]
0-18: [1538, 77, 1265]
0-19: [3, 1468, 167]
0-20: [9, -119, 155]
0-21: [1279, 131, -103]
0-22: [1330, 1532, 998]
0-23: [-24, 1019, 1469]
0-24: [1391, 1454, 1051]
0-25: [72, 1460, 103]
1-2: [1466, -1328, 1028]
1-3: [1326, -1379, 1099]
1-4: [1270, 48, -144]
1-5: [712, -801, 460]
1-6: [1356, -1355, -259]
1-7: [182, -1518, 964]
1-8: [73, -1466, 883]
1-9: [1237, 5, -149]
1-10: [1357, 97, 847]
1-11: [-15, -369, 1114]
1-12: [104, -1499, -177]
1-13: [189, -1459, 892]
1-14: [1353, 63, -26]
1-15: [1349, -1138, -296]
1-16: [111, -334, 1211]
1-17: [820, -629, 392]
1-18: [1571, -1358, 1104]
1-19: [36, 33, 6]
1-20: [42, -1554, -6]
1-21: [1312, -1304, -264]
1-22: [1363, 97, 837]
1-23: [9, -416, 1308]
1-24: [1424, 19, 890]
1-25: [105, 25, -58]
2-3: [-140, -51, 71]
2-4: [-196, 1376, -1172]
2-5: [-754, 527, -568]
2-6: [-110, -27, -1287]
2-7: [-1284, -190, -64]
2-8: [-1393, -138, -145]
2-9: [-229, 1333, -1177]
2-10: [-109, 1425, -181]
2-11: [-1481, 959, 86]
2-12: [-1362, -171, -1205]
2-13: [-1277, -131, -136]
2-14: [-113, 1391, -1054]
2-15: [-117, 190, -1324]
2-16: [-1355, 994, 183]
2-17: [-646, 699, -636]
2-18: [105, -30, 76]
2-19: [-1430, 1361, -1022]
2-20: [-1424, -226, -1034]
2-21: [-154, 24, -1292]
2-22: [-103, 1425, -191]
2-23: [-1457, 912, 280]
2-24: [-42, 1347, -138]
2-25: [-1361, 1353, -1086]
3-4: [-56, 1427, -1243]
3-5: [-614, 578, -639]
3-6: [30, 24, -1358]
3-7: [-1144, -139, -135]
3-8: [-1253, -87, -216]
3-9: [-89, 1384, -1248]
3-10: [31, 1476, -252]
3-11: [-1341, 1010, 15]
3-12: [-1222, -120, -1276]
3-13: [-1137, -80, -207]
3-14: [27, 1442, -1125]
3-15: [23, 241, -1395]
3-16: [-1215, 1045, 112]
3-17: [-506, 750, -707]
3-18: [245, 21, 5]
3-19: [-1290, 1412, -1093]
3-20: [-1284, -175, -1105]
3-21: [-14, 75, -1363]
3-22: [37, 1476, -262]
3-23: [-1317, 963, 209]
3-24: [98, 1398, -209]
3-25: [-1221, 1404, -1157]
4-5: [-558, -849, 604]
4-6: [86, -1403, -115]
4-7: [-1088, -1566, 1108]
4-8: [-1197, -1514, 1027]
4-9: [-33, -43, -5]
4-10: [87, 49, 991]
4-11: [-1285, -417, 1258]
4-12: [-1166, -1547, -33]
4-13: [-1081, -1507, 1036]
4-14: [83, 15, 118]
4-15: [79, -1186, -152]
4-16: [-1159, -382, 1355]
4-17: [-450, -677, 536]
4-18: [301, -1406, 1248]
4-19: [-1234, -15, 150]
4-20: [-1228, -1602, 138]
4-21: [42, -1352, -120]
4-22: [93, 49, 981]
4-23: [-1261, -464, 1452]
4-24: [154, -29, 1034]
4-25: [-1165, -23, 86]
5-6: [644, -554, -719]
5-7: [-530, -717, 504]
5-8: [-639, -665, 423]
5-9: [525, 806, -609]
5-10: [645, 898, 387]
5-11: [-727, 432, 654]
5-12: [-608, -698, -637]
5-13: [-523, -658, 432]
5-14: [641, 864, -486]
5-15: [637, -337, -756]
5-16: [-601, 467, 751]
5-17: [108, 172, -68]
5-18: [859, -557, 644]
5-19: [-676, 834, -454]
5-20: [-670, -753, -466]
5-21: [600, -503, -724]
5-22: [651, 898, 377]
5-23: [-703, 385, 848]
5-24: [712, 820, 430]
5-25: [-607, 826, -518]
6-7: [-1174, -163, 1223]
6-8: [-1283, -111, 1142]
6-9: [-119, 1360, 110]
6-10: [1, 1452, 1106]
6-11: [-1371, 986, 1373]
6-12: [-1252, -144, 82]
6-13: [-1167, -104, 1151]
6-14: [-3, 1418, 233]
6-15: [-7, 217, -37]
6-16: [-1245, 1021, 1470]
6-17: [-536, 726, 651]
6-18: [215, -3, 1363]
6-19: [-1320, 1388, 265]
6-20: [-1314, -199, 253]
6-21: [-44, 51, -5]
6-22: [7, 1452, 1096]
6-23: [-1347, 939, 1567]
6-24: [68, 1374, 1149]
6-25: [-1251, 1380, 201]
7-8: [-109, 52, -81]
7-9: [1055, 1523, -1113]
7-10: [1175, 1615, -117]
7-11: [-197, 1149, 150]
7-12: [-78, 19, -1141]
7-13: [7, 59, -72]
7-14: [1171, 1581, -990]
7-15: [1167, 380, -1260]
7-16: [-71, 1184, 247]
7-17: [638, 889, -572]
7-18: [1389, 160, 140]
7-19: [-146, 1551, -958]
7-20: [-140, -36, -970]
7-21: [1130, 214, -1228]
7-22: [1181, 1615, -127]
7-23: [-173, 1102, 344]
7-24: [1242, 1537, -74]
7-25: [-77, 1543, -1022]
8-9: [1164, 1471, -1032]
8-10: [1284, 1563, -36]
8-11: [-88, 1097, 231]
8-12: [31, -33, -1060]
8-13: [116, 7, 9]
8-14: [1280, 1529, -909]
8-15: [1276, 328, -1179]
8-16: [38, 1132, 328]
8-17: [747, 837, -491]
8-18: [1498, 108, 221]
8-19: [-37, 1499, -877]
8-20: [-31, -88, -889]
8-21: [1239, 162, -1147]
8-22: [1290, 1563, -46]
8-23: [-64, 1050, 425]
8-24: [1351, 1485, 7]
8-25: [32, 1491, -941]
9-10: [120, 92, 996]
9-11: [-1252, -374, 1263]
9-12: [-1133, -1504, -28]
9-13: [-1048, -1464, 1041]
9-14: [116, 58, 123]
9-15: [112, -1143, -147]
9-16: [-1126, -339, 1360]
9-17: [-417, -634, 541]
9-18: [334, -1363, 1253]
9-19: [-1201, 28, 155]
9-20: [-1195, -1559, 143]
9-21: [75, -1309, -115]
9-22: [126, 92, 986]
9-23: [-1228, -421, 1457]
9-24: [187, 14, 1039]
9-25: [-1132, 20, 91]
10-11: [-1372, -466, 267]
10-12: [-1253, -1596, -1024]
10-13: [-1168, -1556, 45]
10-14: [-4, -34, -873]
10-15: [-8, -1235, -1143]
10-16: [-1246, -431, 364]
10-17: [-537, -726, -455]
10-18: [214, -1455, 257]
10-19: [-1321, -64, -841]
10-20: [-1315, -1651, -853]
10-21: [-45, -1401, -1111]
10-22: [6, 0, -10]
10-23: [-1348, -513, 461]
10-24: [67, -78, 43]
10-25: [-1252, -72, -905]
11-12: [119, -1130, -1291]
11-13: [204, -1090, -222]
11-14: [1368, 432, -1140]
11-15: [1364, -769, -1410]
11-16: [126, 35, 97]
11-17: [835, -260, -722]
11-18: [1586, -989, -10]
11-19: [51, 402, -1108]
11-20: [57, -1185, -1120]
11-21: [1327, -935, -1378]
11-22: [1378, 466, -277]
11-23: [24, -47, 194]
11-24: [1439, 388, -224]
11-25: [120, 394, -1172]
12-13: [85, 40, 1069]
12-14: [1249, 1562, 151]
12-15: [1245, 361, -119]
12-16: [7, 1165, 1388]
12-17: [716, 870, 569]
12-18: [1467, 141, 1281]
12-19: [-68, 1532, 183]
12-20: [-62, -55, 171]
12-21: [1208, 195, -87]
12-22: [1259, 1596, 1014]
12-23: [-95, 1083, 1485]
12-24: [1320, 1518, 1067]
12-25: [1, 1524, 119]
13-14: [1164, 1522, -918]
13-15: [1160, 321, -1188]
13-16: [-78, 1125, 319]
13-17: [631, 830, -500]
13-18: [1382, 101, 212]
13-19: [-153, 1492, -886]
13-20: [-147, -95, -898]
13-21: [1123, 155, -1156]
13-22: [1174, 1556, -55]
13-23: [-180, 1043, 416]
13-24: [1235, 1478, -2]
13-25: [-84, 1484, -950]
14-15: [-4, -1201, -270]
14-16: [-1242, -397, 1237]
14-17: [-533, -692, 418]
14-18: [218, -1421, 1130]
14-19: [-1317, -30, 32]
14-20: [-1311, -1617, 20]
14-21: [-41, -1367, -238]
14-22: [10, 34, 863]
14-23: [-1344, -479, 1334]
14-24: [71, -44, 916]
14-25: [-1248, -38, -32]
15-16: [-1238, 804, 1507]
15-17: [-529, 509, 688]
15-18: [222, -220, 1400]
15-19: [-1313, 1171, 302]
15-20: [-1307, -416, 290]
15-21: [-37, -166, 32]
15-22: [14, 1235, 1133]
15-23: [-1340, 722, 1604]
15-24: [75, 1157, 1186]
15-25: [-1244, 1163, 238]
16-17: [709, -295, -819]
16-18: [1460, -1024, -107]
16-19: [-75, 367, -1205]
16-20: [-69, -1220, -1217]
16-21: [1201, -970, -1475]
16-22: [1252, 431, -374]
16-23: [-102, -82, 97]
16-24: [1313, 353, -321]
16-25: [-6, 359, -1269]
17-18: [751, -729, 712]
17-19: [-784, 662, -386]
17-20: [-778, -925, -398]
17-21: [492, -675, -656]
17-22: [543, 726, 445]
17-23: [-811, 213, 916]
17-24: [604, 648, 498]
17-25: [-715, 654, -450]
18-19: [-1535, 1391, -1098]
18-20: [-1529, -196, -1110]
18-21: [-259, 54, -1368]
18-22: [-208, 1455, -267]
18-23: [-1562, 942, 204]
18-24: [-147, 1377, -214]
18-25: [-1466, 1383, -1162]
19-20: [6, -1587, -12]
19-21: [1276, -1337, -270]
19-22: [1327, 64, 831]
19-23: [-27, -449, 1302]
19-24: [1388, -14, 884]
19-25: [69, -8, -64]
20-21: [1270, 250, -258]
20-22: [1321, 1651, 843]
20-23: [-33, 1138, 1314]
20-24: [1382, 1573, 896]
20-25: [63, 1579, -52]
21-22: [51, 1401, 1101]
21-23: [-1303, 888, 1572]
21-24: [112, 1323, 1154]
21-25: [-1207, 1329, 206]
22-23: [-1354, -513, 471]
22-24: [61, -78, 53]
22-25: [-1258, -72, -895]
23-24: [1415, 435, -418]
23-25: [96, 441, -1366]
24-25: [-1319, 6, -948]
scanner 3:
0-1: [-1194, 1234, -72]
0-2: [-89, -23, 1420]
0-3: [71, 169, 40]
0-4: [-131, 1221, 1014]
0-5: [-101, 93, 54]
0-6: [37, 74, 1385]
0-7: [-927, 1292, 983]
0-8: [-1117, 1374, 988]
0-9: [-1151, 1320, -136]
0-10: [349, 1272, 183]
0-11: [-1132, -101, 1103]
0-12: [-65, 171, 1467]
0-13: [-996, -231, -153]
0-14: [-485, 513, 514]
0-15: [-967, 1445, 920]
0-16: [189, 1270, 112]
0-17: [-1015, -157, 17]
0-18: [-151, 1147, 959]
0-19: [-120, 989, 984]
0-20: [-1098, -190, -26]
0-21: [-1236, -93, 1285]
0-22: [279, 1346, 116]
0-23: [-1203, 1342, -42]
0-24: [-1184, -238, 1193]
1-2: [1105, -1257, 1492]
1-3: [1265, -1065, 112]
1-4: [1063, -13, 1086]
1-5: [1093, -1141, 126]
1-6: [1231, -1160, 1457]
1-7: [267, 58, 1055]
1-8: [77, 140, 1060]
1-9: [43, 86, -64]
1-10: [1543, 38, 255]
1-11: [62, -1335, 1175]
1-12: [1129, -1063, 1539]
1-13: [198, -1465, -81]
1-14: [709, -721, 586]
1-15: [227, 211, 992]
1-16: [1383, 36, 184]
1-17: [179, -1391, 89]
1-18: [1043, -87, 1031]
1-19: [1074, -245, 1056]
1-20: [96, -1424, 46]
1-21: [-42, -1327, 1357]
1-22: [1473, 112, 188]
1-23: [-9, 108, 30]
1-24: [10, -1472, 1265]
2-3: [160, 192, -1380]
2-4: [-42, 1244, -406]
2-5: [-12, 116, -1366]
2-6: [126, 97, -35]
2-7: [-838, 1315, -437]
2-8: [-1028, 1397, -432]
2-9: [-1062, 1343, -1556]
2-10: [438, 1295, -1237]
2-11: [-1043, -78, -317]
2-12: [24, 194, 47]
2-13: [-907, -208, -1573]
2-14: [-396, 536, -906]
2-15: [-878, 1468, -500]
2-16: [278, 1293, -1308]
2-17: [-926, -134, -1403]
2-18: [-62, 1170, -461]
2-19: [-31, 1012, -436]
2-20: [-1009, -167, -1446]
2-21: [-1147, -70, -135]
2-22: [368, 1369, -1304]
2-23: [-1114, 1365, -1462]
2-24: [-1095, -215, -227]
3-4: [-202, 1052, 974]
3-5: [-172, -76, 14]
3-6: [-34, -95, 1345]
3-7: [-998, 1123, 943]
3-8: [-1188, 1205, 948]
3-9: [-1222, 1151, -176]
3-10: [278, 1103, 143]
3-11: [-1203, -270, 1063]
3-12: [-136, 2, 1427]
3-13: [-1067, -400, -193]
3-14: [-556, 344, 474]
3-15: [-1038, 1276, 880]
3-16: [118, 1101, 72]
3-17: [-1086, -326, -23]
3-18: [-222, 978, 919]
3-19: [-191, 820, 944]
3-20: [-1169, -359, -66]
3-21: [-1307, -262, 1245]
3-22: [208, 1177, 76]
3-23: [-1274, 1173, -82]
3-24: [-1255, -407, 1153]
4-5: [30, -1128, -960]
4-6: [168, -1147, 371]
4-7: [-796, 71, -31]
4-8: [-986, 153, -26]
4-9: [-1020, 99, -1150]
4-10: [480, 51, -831]
4-11: [-1001, -1322, 89]
4-12: [66, -1050, 453]
4-13: [-865, -1452, -1167]
4-14: [-354, -708, -500]
4-15: [-836, 224, -94]
4-16: [320, 49, -902]
4-17: [-884, -1378, -997]
4-18: [-20, -74, -55]
4-19: [11, -232, -30]
4-20: [-967, -1411, -1040]
4-21: [-1105, -1314, 271]
4-22: [410, 125, -898]
4-23: [-1072, 121, -1056]
4-24: [-1053, -1459, 179]
5-6: [138, -19, 1331]
5-7: [-826, 1199, 929]
5-8: [-1016, 1281, 934]
5-9: [-1050, 1227, -190]
5-10: [450, 1179, 129]
5-11: [-1031, -194, 1049]
5-12: [36, 78, 1413]
5-13: [-895, -324, -207]
5-14: [-384, 420, 460]
5-15: [-866, 1352, 866]
5-16: [290, 1177, 58]
5-17: [-914, -250, -37]
5-18: [-50, 1054, 905]
5-19: [-19, 896, 930]
5-20: [-997, -283, -80]
5-21: [-1135, -186, 1231]
5-22: [380, 1253, 62]
5-23: [-1102, 1249, -96]
5-24: [-1083, -331, 1139]
6-7: [-964, 1218, -402]
6-8: [-1154, 1300, -397]
6-9: [-1188, 1246, -1521]
6-10: [312, 1198, -1202]
6-11: [-1169, -175, -282]
6-12: [-102, 97, 82]
6-13: [-1033, -305, -1538]
6-14: [-522, 439, -871]
6-15: [-1004, 1371, -465]
6-16: [152, 1196, -1273]
6-17: [-1052, -231, -1368]
6-18: [-188, 1073, -426]
6-19: [-157, 915, -401]
6-20: [-1135, -264, -1411]
6-21: [-1273, -167, -100]
6-22: [242, 1272, -1269]
6-23: [-1240, 1268, -1427]
6-24: [-1221, -312, -192]
7-8: [-190, 82, 5]
7-9: [-224, 28, -1119]
7-10: [1276, -20, -800]
7-11: [-205, -1393, 120]
7-12: [862, -1121, 484]
7-13: [-69, -1523, -1136]
7-14: [442, -779, -469]
7-15: [-40, 153, -63]
7-16: [1116, -22, -871]
7-17: [-88, -1449, -966]
7-18: [776, -145, -24]
7-19: [807, -303, 1]
7-20: [-171, -1482, -1009]
7-21: [-309, -1385, 302]
7-22: [1206, 54, -867]
7-23: [-276, 50, -1025]
7-24: [-257, -1530, 210]
8-9: [-34, -54, -1124]
8-10: [1466, -102, -805]
8-11: [-15, -1475, 115]
8-12: [1052, -1203, 479]
8-13: [121, -1605, -1141]
8-14: [632, -861, -474]
8-15: [150, 71, -68]
8-16: [1306, -104, -876]
8-17: [102, -1531, -971]
8-18: [966, -227, -29]
8-19: [997, -385, -4]
8-20: [19, -1564, -1014]
8-21: [-119, -1467, 297]
8-22: [1396, -28, -872]
8-23: [-86, -32, -1030]
8-24: [-67, -1612, 205]
9-10: [1500, -48, 319]
9-11: [19, -1421, 1239]
9-12: [1086, -1149, 1603]
9-13: [155, -1551, -17]
9-14: [666, -807, 650]
9-15: [184, 125, 1056]
9-16: [1340, -50, 248]
9-17: [136, -1477, 153]
9-18: [1000, -173, 1095]
9-19: [1031, -331, 1120]
9-20: [53, -1510, 110]
9-21: [-85, -1413, 1421]
9-22: [1430, 26, 252]
9-23: [-52, 22, 94]
9-24: [-33, -1558, 1329]
10-11: [-1481, -1373, 920]
10-12: [-414, -1101, 1284]
10-13: [-1345, -1503, -336]
10-14: [-834, -759, 331]
10-15: [-1316, 173, 737]
10-16: [-160, -2, -71]
10-17: [-1364, -1429, -166]
10-18: [-500, -125, 776]
10-19: [-469, -283, 801]
10-20: [-1447, -1462, -209]
10-21: [-1585, -1365, 1102]
10-22: [-70, 74, -67]
10-23: [-1552, 70, -225]
10-24: [-1533, -1510, 1010]
11-12: [1067, 272, 364]
11-13: [136, -130, -1256]
11-14: [647, 614, -589]
11-15: [165, 1546, -183]
11-16: [1321, 1371, -991]
11-17: [117, -56, -1086]
11-18: [981, 1248, -144]
11-19: [1012, 1090, -119]
11-20: [34, -89, -1129]
11-21: [-104, 8, 182]
11-22: [1411, 1447, -987]
11-23: [-71, 1443, -1145]
11-24: [-52, -137, 90]
12-13: [-931, -402, -1620]
12-14: [-420, 342, -953]
12-15: [-902, 1274, -547]
12-16: [254, 1099, -1355]
12-17: [-950, -328, -1450]
12-18: [-86, 976, -508]
12-19: [-55, 818, -483]
12-20: [-1033, -361, -1493]
12-21: [-1171, -264, -182]
12-22: [344, 1175, -1351]
12-23: [-1138, 1171, -1509]
12-24: [-1119, -409, -274]
13-14: [511, 744, 667]
13-15: [29, 1676, 1073]
13-16: [1185, 1501, 265]
13-17: [-19, 74, 170]
13-18: [845, 1378, 1112]
13-19: [876, 1220, 1137]
13-20: [-102, 41, 127]
13-21: [-240, 138, 1438]
13-22: [1275, 1577, 269]
13-23: [-207, 1573, 111]
13-24: [-188, -7, 1346]
14-15: [-482, 932, 406]
14-16: [674, 757, -402]
14-17: [-530, -670, -497]
14-18: [334, 634, 445]
14-19: [365, 476, 470]
14-20: [-613, -703, -540]
14-21: [-751, -606, 771]
14-22: [764, 833, -398]
14-23: [-718, 829, -556]
14-24: [-699, -751, 679]
15-16: [1156, -175, -808]
15-17: [-48, -1602, -903]
15-18: [816, -298, 39]
15-19: [847, -456, 64]
15-20: [-131, -1635, -946]
15-21: [-269, -1538, 365]
15-22: [1246, -99, -804]
15-23: [-236, -103, -962]
15-24: [-217, -1683, 273]
16-17: [-1204, -1427, -95]
16-18: [-340, -123, 847]
16-19: [-309, -281, 872]
16-20: [-1287, -1460, -138]
16-21: [-1425, -1363, 1173]
16-22: [90, 76, 4]
16-23: [-1392, 72, -154]
16-24: [-1373, -1508, 1081]
17-18: [864, 1304, 942]
17-19: [895, 1146, 967]
17-20: [-83, -33, -43]
17-21: [-221, 64, 1268]
17-22: [1294, 1503, 99]
17-23: [-188, 1499, -59]
17-24: [-169, -81, 1176]
18-19: [31, -158, 25]
18-20: [-947, -1337, -985]
18-21: [-1085, -1240, 326]
18-22: [430, 199, -843]
18-23: [-1052, 195, -1001]
18-24: [-1033, -1385, 234]
19-20: [-978, -1179, -1010]
19-21: [-1116, -1082, 301]
19-22: [399, 357, -868]
19-23: [-1083, 353, -1026]
19-24: [-1064, -1227, 209]
20-21: [-138, 97, 1311]
20-22: [1377, 1536, 142]
20-23: [-105, 1532, -16]
20-24: [-86, -48, 1219]
21-22: [1515, 1439, -1169]
21-23: [33, 1435, -1327]
21-24: [52, -145, -92]
22-23: [-1482, -4, -158]
22-24: [-1463, -1584, 1077]
23-24: [19, -1580, 1235]
scanner 4:
0-1: [1020, 1146, -217]
0-2: [286, -19, 1023]
0-3: [1441, 127, 1338]
0-4: [1470, 165, 1366]
0-5: [1387, 1071, 988]
0-6: [-105, 1224, 102]
0-7: [-200, 1077, 1000]
0-8: [319, 199, 1068]
0-9: [261, 156, 1074]
0-10: [617, 576, 411]
0-11: [985, 1020, -120]
0-12: [1120, -127, -50]
0-13: [938, 1044, -314]
0-14: [-81, 1068, 1155]
0-15: [1302, -23, -42]
0-16: [1212, -75, 95]
0-17: [1407, 267, 1384]
0-18: [1354, 1035, 994]
0-19: [-145, 1139, 1171]
0-20: [-106, 80, -20]
0-21: [-80, -12, 75]
0-22: [-112, 1108, 111]
0-23: [-164, 1217, 30]
0-24: [1379, 1140, 1052]
0-25: [697, 638, 576]
1-2: [-734, -1165, 1240]
1-3: [421, -1019, 1555]
1-4: [450, -981, 1583]
1-5: [367, -75, 1205]
1-6: [-1125, 78, 319]
1-7: [-1220, -69, 1217]
1-8: [-701, -947, 1285]
1-9: [-759, -990, 1291]
1-10: [-403, -570, 628]
1-11: [-35, -126, 97]
1-12: [100, -1273, 167]
1-13: [-82, -102, -97]
1-14: [-1101, -78, 1372]
1-15: [282, -1169, 175]
1-16: [192, -1221, 312]
1-17: [387, -879, 1601]
1-18: [334, -111, 1211]
1-19: [-1165, -7, 1388]
1-20: [-1126, -1066, 197]
1-21: [-1100, -1158, 292]
1-22: [-1132, -38, 328]
1-23: [-1184, 71, 247]
1-24: [359, -6, 1269]
1-25: [-323, -508, 793]
2-3: [1155, 146, 315]
2-4: [1184, 184, 343]
2-5: [1101, 1090, -35]
2-6: [-391, 1243, -921]
2-7: [-486, 1096, -23]
2-8: [33, 218, 45]
2-9: [-25, 175, 51]
2-10: [331, 595, -612]
2-11: [699, 1039, -1143]
2-12: [834, -108, -1073]
2-13: [652, 1063, -1337]
2-14: [-367, 1087, 132]
2-15: [1016, -4, -1065]
2-16: [926, -56, -928]
2-17: [1121, 286, 361]
2-18: [1068, 1054, -29]
2-19: [-431, 1158, 148]
2-20: [-392, 99, -1043]
2-21: [-366, 7, -948]
2-22: [-398, 1127, -912]
2-23: [-450, 1236, -993]
2-24: [1093, 1159, 29]
2-25: [411, 657, -447]
3-4: [29, 38, 28]
3-5: [-54, 944, -350]
3-6: [-1546, 1097, -1236]
3-7: [-1641, 950, -338]
3-8: [-1122, 72, -270]
3-9: [-1180, 29, -264]
3-10: [-824, 449, -927]
3-11: [-456, 893, -1458]
3-12: [-321, -254, -1388]
3-13: [-503, 917, -1652]
3-14: [-1522, 941, -183]
3-15: [-139, -150, -1380]
3-16: [-229, -202, -1243]
3-17: [-34, 140, 46]
3-18: [-87, 908, -344]
3-19: [-1586, 1012, -167]
3-20: [-1547, -47, -1358]
3-21: [-1521, -139, -1263]
3-22: [-1553, 981, -1227]
3-23: [-1605, 1090, -1308]
3-24: [-62, 1013, -286]
3-25: [-744, 511, -762]
4-5: [-83, 906, -378]
4-6: [-1575, 1059, -1264]
4-7: [-1670, 912, -366]
4-8: [-1151, 34, -298]
4-9: [-1209, -9, -292]
4-10: [-853, 411, -955]
4-11: [-485, 855, -1486]
4-12: [-350, -292, -1416]
4-13: [-532, 879, -1680]
4-14: [-1551, 903, -211]
4-15: [-168, -188, -1408]
4-16: [-258, -240, -1271]
4-17: [-63, 102, 18]
4-18: [-116, 870, -372]
4-19: [-1615, 974, -195]
4-20: [-1576, -85, -1386]
4-21: [-1550, -177, -1291]
4-22: [-1582, 943, -1255]
4-23: [-1634, 1052, -1336]
4-24: [-91, 975, -314]
4-25: [-773, 473, -790]
5-6: [-1492, 153, -886]
5-7: [-1587, 6, 12]
5-8: [-1068, -872, 80]
5-9: [-1126, -915, 86]
5-10: [-770, -495, -577]
5-11: [-402, -51, -1108]
5-12: [-267, -1198, -1038]
5-13: [-449, -27, -1302]
5-14: [-1468, -3, 167]
5-15: [-85, -1094, -1030]
5-16: [-175, -1146, -893]
5-17: [20, -804, 396]
5-18: [-33, -36, 6]
5-19: [-1532, 68, 183]
5-20: [-1493, -991, -1008]
5-21: [-1467, -1083, -913]
5-22: [-1499, 37, -877]
5-23: [-1551, 146, -958]
5-24: [-8, 69, 64]
5-25: [-690, -433, -412]
6-7: [-95, -147, 898]
6-8: [424, -1025, 966]
6-9: [366, -1068, 972]
6-10: [722, -648, 309]
6-11: [1090, -204, -222]
6-12: [1225, -1351, -152]
6-13: [1043, -180, -416]
6-14: [24, -156, 1053]
6-15: [1407, -1247, -144]
6-16: [1317, -1299, -7]
6-17: [1512, -957, 1282]
6-18: [1459, -189, 892]
6-19: [-40, -85, 1069]
6-20: [-1, -1144, -122]
6-21: [25, -1236, -27]
6-22: [-7, -116, 9]
6-23: [-59, -7, -72]
6-24: [1484, -84, 950]
6-25: [802, -586, 474]
7-8: [519, -878, 68]
7-9: [461, -921, 74]
7-10: [817, -501, -589]
7-11: [1185, -57, -1120]
7-12: [1320, -1204, -1050]
7-13: [1138, -33, -1314]
7-14: [119, -9, 155]
7-15: [1502, -1100, -1042]
7-16: [1412, -1152, -905]
7-17: [1607, -810, 384]
7-18: [1554, -42, -6]
7-19: [55, 62, 171]
7-20: [94, -997, -1020]
7-21: [120, -1089, -925]
7-22: [88, 31, -889]
7-23: [36, 140, -970]
7-24: [1579, 63, 52]
7-25: [897, -439, -424]
8-9: [-58, -43, 6]
8-10: [298, 377, -657]
8-11: [666, 821, -1188]
8-12: [801, -326, -1118]
8-13: [619, 845, -1382]
8-14: [-400, 869, 87]
8-15: [983, -222, -1110]
8-16: [893, -274, -973]
8-17: [1088, 68, 316]
8-18: [1035, 836, -74]
8-19: [-464, 940, 103]
8-20: [-425, -119, -1088]
8-21: [-399, -211, -993]
8-22: [-431, 909, -957]
8-23: [-483, 1018, -1038]
8-24: [1060, 941, -16]
8-25: [378, 439, -492]
9-10: [356, 420, -663]
9-11: [724, 864, -1194]
9-12: [859, -283, -1124]
9-13: [677, 888, -1388]
9-14: [-342, 912, 81]
9-15: [1041, -179, -1116]
9-16: [951, -231, -979]
9-17: [1146, 111, 310]
9-18: [1093, 879, -80]
9-19: [-406, 983, 97]
9-20: [-367, -76, -1094]
9-21: [-341, -168, -999]
9-22: [-373, 952, -963]
9-23: [-425, 1061, -1044]
9-24: [1118, 984, -22]
9-25: [436, 482, -498]
10-11: [368, 444, -531]
10-12: [503, -703, -461]
10-13: [321, 468, -725]
10-14: [-698, 492, 744]
10-15: [685, -599, -453]
10-16: [595, -651, -316]
10-17: [790, -309, 973]
10-18: [737, 459, 583]
10-19: [-762, 563, 760]
10-20: [-723, -496, -431]
10-21: [-697, -588, -336]
10-22: [-729, 532, -300]
10-23: [-781, 641, -381]
10-24: [762, 564, 641]
10-25: [80, 62, 165]
11-12: [135, -1147, 70]
11-13: [-47, 24, -194]
11-14: [-1066, 48, 1275]
11-15: [317, -1043, 78]
11-16: [227, -1095, 215]
11-17: [422, -753, 1504]
11-18: [369, 15, 1114]
11-19: [-1130, 119, 1291]
11-20: [-1091, -940, 100]
11-21: [-1065, -1032, 195]
11-22: [-1097, 88, 231]
11-23: [-1149, 197, 150]
11-24: [394, 120, 1172]
11-25: [-288, -382, 696]
12-13: [-182, 1171, -264]
12-14: [-1201, 1195, 1205]
12-15: [182, 104, 8]
12-16: [92, 52, 145]
12-17: [287, 394, 1434]
12-18: [234, 1162, 1044]
12-19: [-1265, 1266, 1221]
12-20: [-1226, 207, 30]
12-21: [-1200, 115, 125]
12-22: [-1232, 1235, 161]
12-23: [-1284, 1344, 80]
12-24: [259, 1267, 1102]
12-25: [-423, 765, 626]
13-14: [-1019, 24, 1469]
13-15: [364, -1067, 272]
13-16: [274, -1119, 409]
13-17: [469, -777, 1698]
13-18: [416, -9, 1308]
13-19: [-1083, 95, 1485]
13-20: [-1044, -964, 294]
13-21: [-1018, -1056, 389]
13-22: [-1050, 64, 425]
13-23: [-1102, 173, 344]
13-24: [441, 96, 1366]
13-25: [-241, -406, 890]
14-15: [1383, -1091, -1197]
14-16: [1293, -1143, -1060]
14-17: [1488, -801, 229]
14-18: [1435, -33, -161]
14-19: [-64, 71, 16]
14-20: [-25, -988, -1175]
14-21: [1, -1080, -1080]
14-22: [-31, 40, -1044]
14-23: [-83, 149, -1125]
14-24: [1460, 72, -103]
14-25: [778, -430, -579]
15-16: [-90, -52, 137]
15-17: [105, 290, 1426]
15-18: [52, 1058, 1036]
15-19: [-1447, 1162, 1213]
15-20: [-1408, 103, 22]
15-21: [-1382, 11, 117]
15-22: [-1414, 1131, 153]
15-23: [-1466, 1240, 72]
15-24: [77, 1163, 1094]
15-25: [-605, 661, 618]
16-17: [195, 342, 1289]
16-18: [142, 1110, 899]
16-19: [-1357, 1214, 1076]
16-20: [-1318, 155, -115]
16-21: [-1292, 63, -20]
16-22: [-1324, 1183, 16]
16-23: [-1376, 1292, -65]
16-24: [167, 1215, 957]
16-25: [-515, 713, 481]
17-18: [-53, 768, -390]
17-19: [-1552, 872, -213]
17-20: [-1513, -187, -1404]
17-21: [-1487, -279, -1309]
17-22: [-1519, 841, -1273]
17-23: [-1571, 950, -1354]
17-24: [-28, 873, -332]
17-25: [-710, 371, -808]
18-19: [-1499, 104, 177]
18-20: [-1460, -955, -1014]
18-21: [-1434, -1047, -919]
18-22: [-1466, 73, -883]
18-23: [-1518, 182, -964]
18-24: [25, 105, 58]
18-25: [-657, -397, -418]
19-20: [39, -1059, -1191]
19-21: [65, -1151, -1096]
19-22: [33, -31, -1060]
19-23: [-19, 78, -1141]
19-24: [1524, 1, -119]
19-25: [842, -501, -595]
20-21: [26, -92, 95]
20-22: [-6, 1028, 131]
20-23: [-58, 1137, 50]
20-24: [1485, 1060, 1072]
20-25: [803, 558, 596]
21-22: [-32, 1120, 36]
21-23: [-84, 1229, -45]
21-24: [1459, 1152, 977]
21-25: [777, 650, 501]
22-23: [-52, 109, -81]
22-24: [1491, 32, 941]
22-25: [809, -470, 465]
23-24: [1543, -77, 1022]
23-25: [861, -579, 546]
24-25: [-682, -502, -476]
comparing signatures for spaces 0 and 1:
  found a match in 0:[0][0] and 1:[3][4]: [-124, 55, -1310] and [124, 55, 1310]
  found a match in 0:[0][2] and 1:[3][8]: [14, 87, -108] and [-14, 87, 108]
  found a match in 0:[0][3] and 1:[1][1]: [941, 235, -443] and [941, -235, -443]
  found a match in 0:[0][4] and 1:[3][20]: [889, -231, -1248] and [-889, -231, 1248]
  found a match in 0:[0][5] and 1:[3][14]: [749, -277, -1282] and [-749, -277, 1282]
  found a match in 0:[0][6] and 1:[3][6]: [1065, 228, -326] and [-1065, 228, 326]
  found a match in 0:[0][8] and 1:[0][2]: [1022, 236, -280] and [1022, -236, -280]
  found a match in 0:[0][11] and 1:[2][0]: [851, -259, -1219] and [851, 259, -1219]
  found a match in 0:[0][13] and 1:[3][1]: [-140, 39, -11] and [140, 39, 11]
  found a match in 0:[0][18] and 1:[3][11]: [-19, 113, -1335] and [19, 113, 1335]
  found a match in 0:[0][23] and 1:[3][15]: [-55, 119, -1302] and [55, 119, 1302]
  found a match in 0:[1][1] and 1:[8][3]: [138, 32, 1202] and [-138, 32, -1202]
  found a match in 0:[1][2] and 1:[1][6]: [1065, 180, 867] and [1065, -180, 867]
  found a match in 0:[1][3] and 1:[8][15]: [1013, -286, 62] and [-1013, -286, -62]
  found a match in 0:[1][4] and 1:[8][9]: [873, -332, 28] and [-873, -332, -28]
  found a match in 0:[1][5] and 1:[8][1]: [1189, 173, 984] and [-1189, 173, -984]
  found a match in 0:[1][7] and 1:[0][7]: [1146, 181, 1030] and [1146, -181, 1030]
  found a match in 0:[1][10] and 1:[2][5]: [975, -314, 91] and [975, 314, 91]
  found a match in 0:[1][12] and 1:[5][2]: [-16, -16, 1299] and [-16, 16, 1299]
  found a match in 0:[1][17] and 1:[8][6]: [105, 58, -25] and [-105, 58, 25]
  found a match in 0:[1][22] and 1:[8][10]: [69, 64, 8] and [-69, 64, -8]
  found a match in 0:[3][0] and 1:[1][10]: [927, 148, -335] and [927, -148, -335]
  found a match in 0:[3][1] and 1:[12][11]: [875, -318, -1140] and [-875, -318, 1140]
  found a match in 0:[3][2] and 1:[12][5]: [735, -364, -1174] and [-735, -364, 1174]
  found a match in 0:[3][3] and 1:[10][1]: [1051, 141, -218] and [1051, -141, -218]
  found a match in 0:[3][5] and 1:[0][11]: [1008, 149, -172] and [1008, -149, -172]
  found a match in 0:[3][8] and 1:[2][9]: [837, -346, -1111] and [837, 346, -1111]
  found a match in 0:[3][10] and 1:[5][6]: [-154, -48, 97] and [-154, 48, 97]
  found a match in 0:[3][15] and 1:[12][2]: [-33, 26, -1227] and [33, 26, 1227]
  found a match in 0:[3][20] and 1:[12][6]: [-69, 32, -1194] and [69, 32, 1194]
  found a match in 0:[4][0] and 1:[1][22]: [-52, -466, -805] and [52, -466, 805]
  found a match in 0:[4][1] and 1:[1][16]: [-192, -512, -839] and [192, -512, 839]
  found a match in 0:[4][2] and 1:[1][8]: [124, -7, 117] and [-124, -7, -117]
  found a match in 0:[4][4] and 1:[0][0]: [81, 1, 163] and [81, -1, 163]
  found a match in 0:[4][7] and 1:[1][0]: [-90, -494, -776] and [90, -494, 776]
  found a match in 0:[4][9] and 1:[1][3]: [-1081, -196, 432] and [1081, -196, -432]
  found a match in 0:[4][14] and 1:[1][13]: [-960, -122, -892] and [960, -122, 892]
  found a match in 0:[4][19] and 1:[1][17]: [-996, -116, -859] and [996, -116, 859]
  found a match in 0:[5][0] and 1:[18][5]: [-140, -46, -34] and [-140, 46, -34]
  found a match in 0:[5][1] and 1:[10][13]: [176, 459, 922] and [176, -459, 922]
  found a match in 0:[5][3] and 1:[0][23]: [133, 467, 968] and [133, -467, 968]
  found a match in 0:[5][6] and 1:[2][21]: [-38, -28, 29] and [-38, 28, 29]
  found a match in 0:[5][8] and 1:[5][18]: [-1029, 270, 1237] and [-1029, -270, 1237]
  found a match in 0:[5][13] and 1:[15][8]: [-908, 344, -87] and [-908, -344, -87]
  found a match in 0:[5][18] and 1:[19][4]: [-944, 350, -54] and [-944, -350, -54]
  found a match in 0:[6][0] and 1:[10][7]: [316, 505, 956] and [316, -505, 956]
  found a match in 0:[6][2] and 1:[0][17]: [273, 513, 1002] and [273, -513, 1002]
  found a match in 0:[6][5] and 1:[2][15]: [102, 18, 63] and [102, -18, 63]
  found a match in 0:[6][7] and 1:[5][12]: [-889, 316, 1271] and [-889, -316, 1271]
  found a match in 0:[6][12] and 1:[15][2]: [-768, 390, -53] and [-768, -390, -53]
  found a match in 0:[6][17] and 1:[18][0]: [-804, 396, -20] and [804, 396, 20]
  found a match in 0:[7][1] and 1:[0][9]: [-43, 8, 46] and [-43, -8, 46]
  found a match in 0:[7][4] and 1:[2][7]: [-214, -487, -893] and [-214, 487, -893]
  found a match in 0:[7][6] and 1:[5][4]: [-1205, -189, 315] and [-1205, 189, 315]
  found a match in 0:[7][11] and 1:[10][4]: [-1084, -115, -1009] and [1084, -115, 1009]
  found a match in 0:[7][16] and 1:[10][8]: [-1120, -109, -976] and [1120, -109, 976]
  found a match in 0:[9][2] and 1:[0][1]: [-171, -495, -939] and [171, -495, 939]
  found a match in 0:[9][4] and 1:[0][4]: [-1162, -197, 269] and [1162, -197, -269]
  found a match in 0:[9][9] and 1:[0][14]: [-1041, -123, -1055] and [1041, -123, 1055]
  found a match in 0:[9][14] and 1:[0][18]: [-1077, -117, -1022] and [1077, -117, 1022]
  found a match in 0:[12][1] and 1:[2][2]: [-991, 298, 1208] and [991, 298, -1208]
  found a match in 0:[12][6] and 1:[2][12]: [-870, 372, -116] and [870, 372, 116]
  found a match in 0:[12][11] and 1:[2][16]: [-906, 378, -83] and [906, 378, 83]
  found a match in 0:[14][4] and 1:[5][9]: [121, 74, -1324] and [-121, 74, 1324]
  found a match in 0:[14][9] and 1:[5][13]: [85, 80, -1291] and [-85, 80, 1291]
  found a match in 0:[19][4] and 1:[15][3]: [-36, 6, 33] and [36, 6, -33]
comparing signatures for spaces 0 and 2:
comparing signatures for spaces 0 and 3:
comparing signatures for spaces 0 and 4:
comparing signatures for spaces 1 and 2:
comparing signatures for spaces 1 and 3:
  found a match in 1:[6][0] and 3:[2][10]: [-907, -208, -1573] and [-907, -208, -1573]
  found a match in 1:[6][2] and 3:[2][17]: [-1009, -167, -1446] and [-1009, -167, -1446]
  found a match in 1:[6][4] and 3:[2][0]: [160, 192, -1380] and [160, 192, -1380]
  found a match in 1:[6][6] and 3:[2][3]: [126, 97, -35] and [126, 97, -35]
  found a match in 1:[6][7] and 3:[0][1]: [89, 23, -1420] and [-89, -23, 1420]
  found a match in 1:[6][9] and 3:[2][8]: [-1043, -78, -317] and [-1043, -78, -317]
  found a match in 1:[6][10] and 3:[2][2]: [-12, 116, -1366] and [-12, 116, -1366]
  found a match in 1:[6][13] and 3:[2][14]: [-926, -134, -1403] and [-926, -134, -1403]
  found a match in 1:[6][14] and 3:[2][9]: [24, 194, 47] and [24, 194, 47]
  found a match in 1:[6][15] and 3:[2][18]: [-1147, -70, -135] and [-1147, -70, -135]
  found a match in 1:[6][16] and 3:[2][21]: [-1095, -215, -227] and [-1095, -215, -227]
  found a match in 1:[7][1] and 3:[13][6]: [-102, 41, 127] and [-102, 41, 127]
  found a match in 1:[7][3] and 3:[3][9]: [1067, 400, 193] and [-1067, -400, -193]
  found a match in 1:[7][5] and 3:[6][6]: [1033, 305, 1538] and [-1033, -305, -1538]
  found a match in 1:[7][6] and 3:[0][12]: [996, 231, 153] and [-996, -231, -153]
  found a match in 1:[7][8] and 3:[11][1]: [-136, 130, 1256] and [136, -130, -1256]
  found a match in 1:[7][9] and 3:[5][7]: [895, 324, 207] and [-895, -324, -207]
  found a match in 1:[7][12] and 3:[13][3]: [-19, 74, 170] and [-19, 74, 170]
  found a match in 1:[7][13] and 3:[12][0]: [931, 402, 1620] and [-931, -402, -1620]
  found a match in 1:[7][14] and 3:[13][7]: [-240, 138, 1438] and [-240, 138, 1438]
  found a match in 1:[7][15] and 3:[13][10]: [-188, -7, 1346] and [-188, -7, 1346]
  found a match in 1:[9][1] and 3:[3][16]: [1169, 359, 66] and [-1169, -359, -66]
  found a match in 1:[9][3] and 3:[6][13]: [1135, 264, 1411] and [-1135, -264, -1411]
  found a match in 1:[9][4] and 3:[0][19]: [1098, 190, 26] and [-1098, -190, -26]
  found a match in 1:[9][6] and 3:[11][8]: [-34, 89, 1129] and [34, -89, -1129]
  found a match in 1:[9][7] and 3:[5][14]: [997, 283, 80] and [-997, -283, -80]
  found a match in 1:[9][10] and 3:[17][2]: [83, 33, 43] and [-83, -33, -43]
  found a match in 1:[9][11] and 3:[12][7]: [1033, 361, 1493] and [-1033, -361, -1493]
  found a match in 1:[9][12] and 3:[20][0]: [-138, 97, 1311] and [-138, 97, 1311]
  found a match in 1:[9][13] and 3:[20][3]: [-86, -48, 1219] and [-86, -48, 1219]
  found a match in 1:[11][1] and 3:[3][2]: [-34, -95, 1345] and [-34, -95, 1345]
  found a match in 1:[11][2] and 3:[0][2]: [-71, -169, -40] and [71, 169, 40]
  found a match in 1:[11][4] and 3:[3][7]: [-1203, -270, 1063] and [-1203, -270, 1063]
  found a match in 1:[11][5] and 3:[3][1]: [-172, -76, 14] and [-172, -76, 14]
  found a match in 1:[11][8] and 3:[3][13]: [-1086, -326, -23] and [-1086, -326, -23]
  found a match in 1:[11][9] and 3:[3][8]: [-136, 2, 1427] and [-136, 2, 1427]
  found a match in 1:[11][10] and 3:[3][17]: [-1307, -262, 1245] and [-1307, -262, 1245]
  found a match in 1:[11][11] and 3:[3][20]: [-1255, -407, 1153] and [-1255, -407, 1153]
  found a match in 1:[13][0] and 3:[0][5]: [-37, -74, -1385] and [37, 74, 1385]
  found a match in 1:[13][2] and 3:[6][4]: [-1169, -175, -282] and [-1169, -175, -282]
  found a match in 1:[13][3] and 3:[5][0]: [-138, 19, -1331] and [138, -19, 1331]
  found a match in 1:[13][6] and 3:[6][10]: [-1052, -231, -1368] and [-1052, -231, -1368]
  found a match in 1:[13][7] and 3:[6][5]: [-102, 97, 82] and [-102, 97, 82]
  found a match in 1:[13][8] and 3:[6][14]: [-1273, -167, -100] and [-1273, -167, -100]
  found a match in 1:[13][9] and 3:[6][17]: [-1221, -312, -192] and [-1221, -312, -192]
  found a match in 1:[14][1] and 3:[0][10]: [-1132, -101, 1103] and [-1132, -101, 1103]
  found a match in 1:[14][2] and 3:[0][4]: [-101, 93, 54] and [-101, 93, 54]
  found a match in 1:[14][5] and 3:[0][16]: [-1015, -157, 17] and [-1015, -157, 17]
  found a match in 1:[14][6] and 3:[0][11]: [-65, 171, 1467] and [-65, 171, 1467]
  found a match in 1:[14][7] and 3:[0][20]: [-1236, -93, 1285] and [-1236, -93, 1285]
  found a match in 1:[14][8] and 3:[0][23]: [-1184, -238, 1193] and [-1184, -238, 1193]
  found a match in 1:[16][0] and 3:[5][5]: [1031, 194, -1049] and [-1031, -194, 1049]
  found a match in 1:[16][3] and 3:[11][5]: [117, -56, -1086] and [117, -56, -1086]
  found a match in 1:[16][4] and 3:[11][0]: [1067, 272, 364] and [1067, 272, 364]
  found a match in 1:[16][5] and 3:[11][9]: [-104, 8, 182] and [-104, 8, 182]
  found a match in 1:[16][6] and 3:[11][12]: [-52, -137, 90] and [-52, -137, 90]
  found a match in 1:[17][2] and 3:[5][11]: [-914, -250, -37] and [-914, -250, -37]
  found a match in 1:[17][3] and 3:[5][6]: [36, 78, 1413] and [36, 78, 1413]
  found a match in 1:[17][4] and 3:[5][15]: [-1135, -186, 1231] and [-1135, -186, 1231]
  found a match in 1:[17][5] and 3:[5][18]: [-1083, -331, 1139] and [-1083, -331, 1139]
  found a match in 1:[20][0] and 3:[12][4]: [950, 328, 1450] and [-950, -328, -1450]
  found a match in 1:[20][1] and 3:[17][3]: [-221, 64, 1268] and [-221, 64, 1268]
  found a match in 1:[20][2] and 3:[17][6]: [-169, -81, 1176] and [-169, -81, 1176]
  found a match in 1:[21][0] and 3:[12][8]: [-1171, -264, -182] and [-1171, -264, -182]
  found a match in 1:[21][1] and 3:[12][11]: [-1119, -409, -274] and [-1119, -409, -274]
  found a match in 1:[22][0] and 3:[21][2]: [52, -145, -92] and [52, -145, -92]
comparing signatures for spaces 1 and 4:
comparing signatures for spaces 2 and 3:
comparing signatures for spaces 2 and 4:
comparing signatures for spaces 3 and 4:
orientation difference between spaces 0 and 1: [-1, 1, -1]
offset in RHS space from space 0 to 1: [-68, 1246, 43]
offset in RHS space from space 1 to 0: [68, -1246, -43]
orientation difference between spaces 1 and 3: [1, 1, 1]
offset in RHS space from space 1 to 3: [-160, 1134, 23]
offset in RHS space from space 3 to 1: [160, -1134, -23]
