inputed 5 scanners
scanner 0:
0-1: [124, -55, 1310]
2-0: [1242, -1179, -1635]
3-0: [14, 87, -108]
4-0: [941, 235, -443]
5-0: [889, -231, -1248]
6-0: [749, -277, -1282]
7-0: [1065, 228, -326]
8-0: [1280, -1237, -1664]
9-0: [1022, 236, -280]
0-10: [149, 933, 334]
0-11: [70, 1168, 1568]
12-0: [851, -259, -1219]
13-0: [988, -1456, -344]
0-14: [140, -39, 11]
0-15: [160, 980, 424]
0-16: [51, 1317, 1629]
17-0: [1296, -1112, -1585]
18-0: [1093, -1433, -371]
0-19: [19, -113, 1335]
20-0: [397, -555, -830]
0-21: [226, 907, 522]
0-22: [39, 1168, 1563]
23-0: [1193, -1488, -350]
0-24: [55, -119, 1302]
2-1: [1366, -1234, -325]
3-1: [138, 32, 1202]
4-1: [1065, 180, 867]
5-1: [1013, -286, 62]
6-1: [873, -332, 28]
7-1: [1189, 173, 984]
8-1: [1404, -1292, -354]
9-1: [1146, 181, 1030]
1-10: [25, 988, -976]
11-1: [54, -1223, -258]
12-1: [975, -314, 91]
13-1: [1112, -1511, 966]
1-14: [16, 16, -1299]
1-15: [36, 1035, -886]
16-1: [73, -1372, -319]
17-1: [1420, -1167, -275]
18-1: [1217, -1488, 939]
19-1: [105, 58, -25]
20-1: [521, -610, 480]
1-21: [102, 962, -788]
22-1: [85, -1223, -253]
23-1: [1317, -1543, 960]
24-1: [69, 64, 8]
2-3: [1228, -1266, -1527]
2-4: [301, -1414, -1192]
2-5: [353, -948, -387]
2-6: [493, -902, -353]
2-7: [177, -1407, -1309]
8-2: [38, -58, -29]
2-9: [220, -1415, -1355]
2-10: [1391, -246, -1301]
2-11: [1312, -11, -67]
2-12: [391, -920, -416]
2-13: [254, 277, -1291]
2-14: [1382, -1218, -1624]
2-15: [1402, -199, -1211]
2-16: [1293, 138, -6]
17-2: [54, 67, 50]
2-18: [149, 254, -1264]
2-19: [1261, -1292, -300]
2-20: [845, -624, -805]
2-21: [1468, -272, -1113]
2-22: [1281, -11, -72]
2-23: [49, 309, -1285]
2-24: [1297, -1298, -333]
4-3: [927, 148, -335]
5-3: [875, -318, -1140]
6-3: [735, -364, -1174]
7-3: [1051, 141, -218]
8-3: [1266, -1324, -1556]
9-3: [1008, 149, -172]
3-10: [163, 1020, 226]
3-11: [84, 1255, 1460]
12-3: [837, -346, -1111]
13-3: [974, -1543, -236]
3-14: [154, 48, -97]
3-15: [174, 1067, 316]
3-16: [65, 1404, 1521]
17-3: [1282, -1199, -1477]
18-3: [1079, -1520, -263]
3-19: [33, -26, 1227]
20-3: [383, -642, -722]
3-21: [240, 994, 414]
3-22: [53, 1255, 1455]
23-3: [1179, -1575, -242]
3-24: [69, -32, 1194]
4-5: [52, 466, 805]
4-6: [192, 512, 839]
7-4: [124, -7, 117]
8-4: [339, -1472, -1221]
9-4: [81, 1, 163]
4-10: [1090, 1168, -109]
4-11: [1011, 1403, 1125]
4-12: [90, 494, 776]
13-4: [47, -1691, 99]
4-14: [1081, 196, -432]
4-15: [1101, 1215, -19]
4-16: [992, 1552, 1186]
17-4: [355, -1347, -1142]
18-4: [152, -1668, 72]
4-19: [960, 122, 892]
4-20: [544, 790, 387]
4-21: [1167, 1142, 79]
4-22: [980, 1403, 1120]
23-4: [252, -1723, 93]
4-24: [996, 116, 859]
5-6: [140, 46, 34]
7-5: [176, 459, 922]
8-5: [391, -1006, -416]
9-5: [133, 467, 968]
5-10: [1038, 702, -914]
5-11: [959, 937, 320]
5-12: [38, 28, -29]
13-5: [99, -1225, 904]
5-14: [1029, -270, -1237]
5-15: [1049, 749, -824]
5-16: [940, 1086, 381]
17-5: [407, -881, -337]
18-5: [204, -1202, 877]
5-19: [908, -344, 87]
5-20: [492, 324, -418]
5-21: [1115, 676, -726]
5-22: [928, 937, 315]
23-5: [304, -1257, 898]
5-24: [944, -350, 54]
7-6: [316, 505, 956]
8-6: [531, -960, -382]
9-6: [273, 513, 1002]
6-10: [898, 656, -948]
6-11: [819, 891, 286]
12-6: [102, 18, 63]
13-6: [239, -1179, 938]
6-14: [889, -316, -1271]
6-15: [909, 703, -858]
6-16: [800, 1040, 347]
17-6: [547, -835, -303]
18-6: [344, -1156, 911]
6-19: [768, -390, 53]
6-20: [352, 278, -452]
6-21: [975, 630, -760]
6-22: [788, 891, 281]
23-6: [444, -1211, 932]
6-24: [804, -396, 20]
8-7: [215, -1465, -1338]
7-9: [43, -8, -46]
7-10: [1214, 1161, 8]
7-11: [1135, 1396, 1242]
7-12: [214, 487, 893]
7-13: [77, 1684, 18]
7-14: [1205, 189, -315]
7-15: [1225, 1208, 98]
7-16: [1116, 1545, 1303]
17-7: [231, -1340, -1259]
18-7: [28, -1661, -45]
7-19: [1084, 115, 1009]
7-20: [668, 783, 504]
7-21: [1291, 1135, 196]
7-22: [1104, 1396, 1237]
23-7: [128, -1716, -24]
7-24: [1120, 109, 976]
8-9: [258, -1473, -1384]
8-10: [1429, -304, -1330]
8-11: [1350, -69, -96]
8-12: [429, -978, -445]
8-13: [292, 219, -1320]
8-14: [1420, -1276, -1653]
8-15: [1440, -257, -1240]
8-16: [1331, 80, -35]
17-8: [16, 125, 79]
8-18: [187, 196, -1293]
8-19: [1299, -1350, -329]
8-20: [883, -682, -834]
8-21: [1506, -330, -1142]
8-22: [1319, -69, -101]
8-23: [87, 251, -1314]
8-24: [1335, -1356, -362]
9-10: [1171, 1169, 54]
9-11: [1092, 1404, 1288]
9-12: [171, 495, 939]
9-13: [34, 1692, 64]
9-14: [1162, 197, -269]
9-15: [1182, 1216, 144]
9-16: [1073, 1553, 1349]
17-9: [274, -1348, -1305]
18-9: [71, -1669, -91]
9-19: [1041, 123, 1055]
9-20: [625, 791, 550]
9-21: [1248, 1143, 242]
9-22: [1061, 1404, 1283]
23-9: [171, -1724, -70]
9-24: [1077, 117, 1022]
11-10: [79, -235, -1234]
12-10: [1000, 674, -885]
13-10: [1137, -523, -10]
14-10: [9, 972, 323]
10-15: [11, 47, 90]
16-10: [98, -384, -1295]
17-10: [1445, -179, -1251]
18-10: [1242, -500, -37]
19-10: [130, 1046, -1001]
20-10: [546, 378, -496]
10-21: [77, -26, 188]
22-10: [110, -235, -1229]
23-10: [1342, -555, -16]
24-10: [94, 1052, -968]
12-11: [921, 909, 349]
13-11: [1058, -288, 1224]
11-14: [70, -1207, -1557]
11-15: [90, -188, -1144]
16-11: [19, -149, -61]
17-11: [1366, 56, -17]
18-11: [1163, -265, 1197]
19-11: [51, 1281, 233]
20-11: [467, 613, 738]
11-21: [156, -261, -1046]
22-11: [31, 0, 5]
23-11: [1263, -320, 1218]
24-11: [15, 1287, 266]
13-12: [137, -1197, 875]
12-14: [991, -298, -1208]
12-15: [1011, 721, -795]
12-16: [902, 1058, 410]
17-12: [445, -853, -366]
18-12: [242, -1174, 848]
12-19: [870, -372, 116]
12-20: [454, 296, -389]
12-21: [1077, 648, -697]
12-22: [890, 909, 344]
23-12: [342, -1229, 869]
12-24: [906, -378, 83]
13-14: [1128, -1495, -333]
13-15: [1148, -476, 80]
13-16: [1039, -139, 1285]
17-13: [308, 344, -1241]
18-13: [105, 23, -27]
13-19: [1007, -1569, 991]
13-20: [591, -901, 486]
13-21: [1214, -549, 178]
13-22: [1027, -288, 1219]
23-13: [205, -32, -6]
13-24: [1043, -1575, 958]
14-15: [20, 1019, 413]
16-14: [89, -1356, -1618]
17-14: [1436, -1151, -1574]
18-14: [1233, -1472, -360]
19-14: [121, 74, -1324]
20-14: [537, -594, -819]
14-21: [86, 946, 511]
22-14: [101, -1207, -1552]
23-14: [1333, -1527, -339]
24-14: [85, 80, -1291]
16-15: [109, -337, -1205]
17-15: [1456, -132, -1161]
18-15: [1253, -453, 53]
19-15: [141, 1093, -911]
20-15: [557, 425, -406]
15-21: [66, -73, 98]
22-15: [121, -188, -1139]
23-15: [1353, -508, 74]
24-15: [105, 1099, -878]
17-16: [1347, 205, 44]
18-16: [1144, -116, 1258]
19-16: [32, 1430, 294]
20-16: [448, 762, 799]
16-21: [175, -410, -1107]
22-16: [12, 149, 66]
23-16: [1244, -171, 1279]
16-24: [4, -1436, -327]
17-18: [203, 321, -1214]
17-19: [1315, -1225, -250]
17-20: [899, -557, -755]
17-21: [1522, -205, -1063]
17-22: [1335, 56, -22]
17-23: [103, 376, -1235]
17-24: [1351, -1231, -283]
18-19: [1112, -1546, 964]
18-20: [696, -878, 459]
18-21: [1319, -526, 151]
18-22: [1132, -265, 1192]
23-18: [100, -55, 21]
18-24: [1148, -1552, 931]
20-19: [416, -668, 505]
19-21: [207, 1020, -813]
19-22: [20, 1281, 228]
23-19: [1212, -1601, 985]
19-24: [36, -6, -33]
20-21: [623, 352, -308]
20-22: [436, 613, 733]
23-20: [796, -933, 480]
20-24: [452, -674, 472]
22-21: [187, -261, -1041]
23-21: [1419, -581, 172]
24-21: [171, 1026, -780]
23-22: [1232, -320, 1213]
22-24: [16, -1287, -261]
23-24: [1248, -1607, 952]
scanner 1:
1-0: [81, -1, 163]
2-0: [171, -495, 939]
3-0: [1022, -236, -280]
4-0: [591, 284, 556]
5-0: [1162, -197, -269]
6-0: [1026, 991, 1424]
7-0: [119, 783, -149]
8-0: [1146, -181, 1030]
9-0: [17, 824, -22]
0-10: [43, 8, -46]
11-0: [1186, 1183, 44]
12-0: [1008, -149, -172]
13-0: [1152, 1088, 1389]
14-0: [1115, 1014, 4]
15-0: [1041, -123, 1055]
0-16: [17, -913, -1107]
17-0: [1014, 1107, 58]
18-0: [273, -513, 1002]
19-0: [1077, -117, 1022]
20-0: [100, 857, 21]
21-0: [1050, 1185, 1471]
0-22: [121, -921, -1289]
0-23: [69, -776, -1197]
24-0: [133, -467, 968]
2-1: [90, -494, 776]
3-1: [941, -235, -443]
4-1: [510, 285, 393]
5-1: [1081, -196, -432]
6-1: [945, 992, 1261]
7-1: [38, 784, -312]
8-1: [1065, -180, 867]
1-9: [64, -825, 185]
1-10: [124, 7, 117]
11-1: [1105, 1184, -119]
12-1: [927, -148, -335]
13-1: [1071, 1089, 1226]
14-1: [1034, 1015, -159]
15-1: [960, -122, 892]
1-16: [98, -914, -944]
17-1: [933, 1108, -105]
18-1: [192, -512, 839]
19-1: [996, -116, 859]
20-1: [19, 858, -142]
21-1: [969, 1186, 1308]
1-22: [202, -922, -1126]
1-23: [150, -777, -1034]
24-1: [52, -466, 805]
3-2: [851, 259, -1219]
4-2: [420, 779, -383]
5-2: [991, 298, -1208]
6-2: [855, 1486, 485]
2-7: [52, -1278, 1088]
8-2: [975, 314, 91]
2-9: [154, -1319, 961]
2-10: [214, -487, 893]
11-2: [1015, 1678, -895]
12-2: [837, 346, -1111]
13-2: [981, 1583, 450]
14-2: [944, 1509, -935]
15-2: [870, 372, 116]
2-16: [188, -1408, -168]
17-2: [843, 1602, -881]
18-2: [102, -18, 63]
19-2: [906, 378, 83]
2-20: [71, -1352, 918]
21-2: [879, 1680, 532]
2-22: [292, -1416, -350]
2-23: [240, -1271, -258]
2-24: [38, -28, -29]
3-4: [431, -520, -836]
5-3: [140, 39, 11]
6-3: [4, 1227, 1704]
3-7: [903, -1019, -131]
8-3: [124, 55, 1310]
3-9: [1005, -1060, -258]
3-10: [1065, -228, -326]
11-3: [164, 1419, 324]
3-12: [14, -87, -108]
13-3: [130, 1324, 1669]
14-3: [93, 1250, 284]
15-3: [19, 113, 1335]
3-16: [1039, -1149, -1387]
3-17: [8, -1343, -338]
3-18: [749, 277, -1282]
19-3: [55, 119, 1302]
3-20: [922, -1093, -301]
21-3: [28, 1421, 1751]
3-22: [1143, -1157, -1569]
3-23: [1091, -1012, -1477]
3-24: [889, 231, -1248]
5-4: [571, -481, -825]
6-4: [435, 707, 868]
4-7: [472, -499, 705]
8-4: [555, -465, 474]
4-9: [574, -540, 578]
4-10: [634, 292, 510]
11-4: [595, 899, -512]
12-4: [417, -433, -728]
13-4: [561, 804, 833]
14-4: [524, 730, -552]
15-4: [450, -407, 499]
4-16: [608, -629, -551]
17-4: [423, 823, -498]
4-18: [318, 797, -446]
19-4: [486, -401, 466]
4-20: [491, -573, 535]
21-4: [459, 901, 915]
4-22: [712, -637, -733]
4-23: [660, -492, -641]
4-24: [458, 751, -412]
5-6: [136, -1188, -1693]
5-7: [1043, -980, -120]
5-8: [16, -16, -1299]
5-9: [1145, -1021, -247]
5-10: [1205, -189, -315]
11-5: [24, 1380, 313]
5-12: [154, -48, -97]
5-13: [10, -1285, -1658]
5-14: [47, -1211, -273]
5-15: [121, -74, -1324]
5-16: [1179, -1110, -1376]
5-17: [148, -1304, -327]
5-18: [889, 316, -1271]
5-19: [85, -80, -1291]
5-20: [1062, -1054, -290]
5-21: [112, -1382, -1740]
5-22: [1283, -1118, -1558]
5-23: [1231, -973, -1466]
5-24: [1029, 270, -1237]
6-7: [907, 208, 1573]
8-6: [120, -1172, -394]
6-9: [1009, 167, 1446]
6-10: [1069, 999, 1378]
11-6: [160, 192, -1380]
6-12: [18, 1140, 1596]
13-6: [126, 97, -35]
14-6: [89, 23, -1420]
15-6: [15, -1114, -369]
6-16: [1043, 78, 317]
6-17: [12, -116, 1366]
6-18: [753, 1504, 422]
19-6: [51, -1108, -402]
6-20: [926, 134, 1403]
21-6: [24, 194, 47]
6-22: [1147, 70, 135]
6-23: [1095, 215, 227]
6-24: [893, 1458, 456]
8-7: [1027, -964, 1179]
7-9: [102, -41, -127]
7-10: [162, 791, -195]
11-7: [1067, 400, 193]
12-7: [889, -932, -23]
13-7: [1033, 305, 1538]
14-7: [996, 231, 153]
15-7: [922, -906, 1204]
7-16: [136, -130, -1256]
17-7: [895, 324, 207]
18-7: [154, -1296, 1151]
19-7: [958, -900, 1171]
7-20: [19, -74, -170]
21-7: [931, 402, 1620]
7-22: [240, -138, -1438]
7-23: [188, 7, -1346]
24-7: [14, -1250, 1117]
8-9: [1129, -1005, 1052]
8-10: [1189, -173, 984]
11-8: [40, 1364, -986]
8-12: [138, -32, 1202]
13-8: [6, 1269, 359]
8-14: [31, -1195, 1026]
8-15: [105, -58, -25]
8-16: [1163, -1094, -77]
8-17: [132, -1288, 972]
8-18: [873, 332, 28]
8-19: [69, -64, 8]
8-20: [1046, -1038, 1009]
8-21: [96, -1366, -441]
8-22: [1267, -1102, -259]
8-23: [1215, -957, -167]
8-24: [1013, 286, 62]
9-10: [60, 832, -68]
11-9: [1169, 359, 66]
12-9: [991, -973, -150]
13-9: [1135, 264, 1411]
14-9: [1098, 190, 26]
15-9: [1024, -947, 1077]
9-16: [34, -89, -1129]
17-9: [997, 283, 80]
18-9: [256, -1337, 1024]
19-9: [1060, -941, 1044]
20-9: [83, 33, 43]
21-9: [1033, 361, 1493]
9-22: [138, -97, -1311]
9-23: [86, 48, -1219]
24-9: [116, -1291, 990]
11-10: [1229, 1191, -2]
12-10: [1051, -141, -218]
13-10: [1195, 1096, 1343]
14-10: [1158, 1022, -42]
15-10: [1084, -115, 1009]
16-10: [26, 921, 1061]
17-10: [1057, 1115, 12]
18-10: [316, -505, 956]
19-10: [1120, -109, 976]
20-10: [143, 865, -25]
21-10: [1093, 1193, 1425]
10-22: [78, -929, -1243]
10-23: [26, -784, -1151]
24-10: [176, -459, 922]
11-12: [178, 1332, 216]
11-13: [34, 95, -1345]
11-14: [71, 169, 40]
11-15: [145, 1306, -1011]
11-16: [1203, 270, -1063]
11-17: [172, 76, -14]
11-18: [913, 1696, -958]
11-19: [109, 1300, -978]
11-20: [1086, 326, 23]
11-21: [136, -2, -1427]
11-22: [1307, 262, -1245]
11-23: [1255, 407, -1153]
11-24: [1053, 1650, -924]
13-12: [144, 1237, 1561]
14-12: [107, 1163, 176]
15-12: [33, 26, 1227]
12-16: [1025, -1062, -1279]
17-12: [6, 1256, 230]
12-18: [735, 364, -1174]
19-12: [69, 32, 1194]
12-20: [908, -1006, -193]
21-12: [42, 1334, 1643]
12-22: [1129, -1070, -1461]
12-23: [1077, -925, -1369]
12-24: [875, 318, -1140]
13-14: [37, 74, 1385]
13-15: [111, 1211, 334]
13-16: [1169, 175, 282]
13-17: [138, -19, 1331]
13-18: [879, 1601, 387]
13-19: [75, 1205, 367]
13-20: [1052, 231, 1368]
13-21: [102, -97, -82]
13-22: [1273, 167, 100]
13-23: [1221, 312, 192]
13-24: [1019, 1555, 421]
14-15: [74, 1137, -1051]
14-16: [1132, 101, -1103]
14-17: [101, -93, -54]
14-18: [842, 1527, -998]
14-19: [38, 1131, -1018]
14-20: [1015, 157, -17]
14-21: [65, -171, -1467]
14-22: [1236, 93, -1285]
14-23: [1184, 238, -1193]
14-24: [982, 1481, -964]
15-16: [1058, -1036, -52]
15-17: [27, -1230, 997]
15-18: [768, 390, 53]
19-15: [36, 6, -33]
15-20: [941, -980, 1034]
21-15: [9, 1308, 416]
15-22: [1162, -1044, -234]
15-23: [1110, -899, -142]
15-24: [908, 344, 87]
17-16: [1031, 194, -1049]
18-16: [290, -1426, -105]
19-16: [1094, -1030, -85]
20-16: [117, -56, -1086]
21-16: [1067, 272, 364]
16-22: [104, -8, -182]
16-23: [52, 137, -90]
24-16: [150, -1380, -139]
17-18: [741, 1620, -944]
19-17: [63, -1224, 964]
17-20: [914, 250, 37]
21-17: [36, 78, 1413]
17-22: [1135, 186, -1231]
17-23: [1083, 331, -1139]
17-24: [881, 1574, -910]
19-18: [804, 396, 20]
18-20: [173, -1370, 981]
21-18: [777, 1698, 469]
18-22: [394, -1434, -287]
18-23: [342, -1289, -195]
18-24: [140, -46, 34]
19-20: [977, -974, 1001]
19-21: [27, -1302, -449]
19-22: [1198, -1038, -267]
19-23: [1146, -893, -175]
19-24: [944, 350, 54]
21-20: [950, 328, 1450]
20-22: [221, -64, -1268]
20-23: [169, 81, -1176]
24-20: [33, -1324, 947]
21-22: [1171, 264, 182]
21-23: [1119, 409, 274]
21-24: [917, 1652, 503]
23-22: [52, -145, -92]
24-22: [254, -1388, -321]
24-23: [202, -1243, -229]
scanner 2:
0-1: [33, -1435, -161]
2-0: [1433, 107, 1189]
3-0: [1293, 56, 1260]
4-0: [1237, 1483, 17]
5-0: [679, 634, 621]
6-0: [1323, 80, -98]
7-0: [149, -83, 1125]
8-0: [40, -31, 1044]
9-0: [1204, 1440, 12]
10-0: [1324, 1532, 1008]
0-11: [48, -1066, -1275]
12-0: [71, -64, -16]
13-0: [156, -24, 1053]
14-0: [1320, 1498, 135]
15-0: [1316, 297, -135]
16-0: [78, 1101, 1372]
17-0: [787, 806, 553]
18-0: [1538, 77, 1265]
19-0: [3, 1468, 167]
20-0: [9, -119, 155]
21-0: [1279, 131, -103]
22-0: [1330, 1532, 998]
0-23: [24, -1019, -1469]
24-0: [1391, 1454, 1051]
25-0: [72, 1460, 103]
2-1: [1466, -1328, 1028]
3-1: [1326, -1379, 1099]
4-1: [1270, 48, -144]
5-1: [712, -801, 460]
6-1: [1356, -1355, -259]
7-1: [182, -1518, 964]
8-1: [73, -1466, 883]
9-1: [1237, 5, -149]
10-1: [1357, 97, 847]
1-11: [15, 369, -1114]
12-1: [104, -1499, -177]
13-1: [189, -1459, 892]
14-1: [1353, 63, -26]
15-1: [1349, -1138, -296]
16-1: [111, -334, 1211]
17-1: [820, -629, 392]
18-1: [1571, -1358, 1104]
19-1: [36, 33, 6]
20-1: [42, -1554, -6]
21-1: [1312, -1304, -264]
22-1: [1363, 97, 837]
23-1: [9, -416, 1308]
24-1: [1424, 19, 890]
25-1: [105, 25, -58]
2-3: [140, 51, -71]
2-4: [196, -1376, 1172]
2-5: [754, -527, 568]
2-6: [110, 27, 1287]
2-7: [1284, 190, 64]
2-8: [1393, 138, 145]
2-9: [229, -1333, 1177]
2-10: [109, -1425, 181]
2-11: [1481, -959, -86]
2-12: [1362, 171, 1205]
2-13: [1277, 131, 136]
2-14: [113, -1391, 1054]
2-15: [117, -190, 1324]
2-16: [1355, -994, -183]
2-17: [646, -699, 636]
18-2: [105, -30, 76]
2-19: [1430, -1361, 1022]
2-20: [1424, 226, 1034]
2-21: [154, -24, 1292]
2-22: [103, -1425, 191]
2-23: [1457, -912, -280]
2-24: [42, -1347, 138]
2-25: [1361, -1353, 1086]
3-4: [56, -1427, 1243]
3-5: [614, -578, 639]
6-3: [30, 24, -1358]
3-7: [1144, 139, 135]
3-8: [1253, 87, 216]
3-9: [89, -1384, 1248]
10-3: [31, 1476, -252]
3-11: [1341, -1010, -15]
3-12: [1222, 120, 1276]
3-13: [1137, 80, 207]
14-3: [27, 1442, -1125]
15-3: [23, 241, -1395]
3-16: [1215, -1045, -112]
3-17: [506, -750, 707]
18-3: [245, 21, 5]
3-19: [1290, -1412, 1093]
3-20: [1284, 175, 1105]
3-21: [14, -75, 1363]
22-3: [37, 1476, -262]
3-23: [1317, -963, -209]
24-3: [98, 1398, -209]
3-25: [1221, -1404, 1157]
4-5: [558, 849, -604]
6-4: [86, -1403, -115]
4-7: [1088, 1566, -1108]
4-8: [1197, 1514, -1027]
4-9: [33, 43, 5]
10-4: [87, 49, 991]
4-11: [1285, 417, -1258]
4-12: [1166, 1547, 33]
4-13: [1081, 1507, -1036]
14-4: [83, 15, 118]
15-4: [79, -1186, -152]
4-16: [1159, 382, -1355]
4-17: [450, 677, -536]
18-4: [301, -1406, 1248]
4-19: [1234, 15, -150]
4-20: [1228, 1602, -138]
21-4: [42, -1352, -120]
22-4: [93, 49, 981]
4-23: [1261, 464, -1452]
24-4: [154, -29, 1034]
4-25: [1165, 23, -86]
6-5: [644, -554, -719]
5-7: [530, 717, -504]
5-8: [639, 665, -423]
9-5: [525, 806, -609]
10-5: [645, 898, 387]
5-11: [727, -432, -654]
5-12: [608, 698, 637]
5-13: [523, 658, -432]
14-5: [641, 864, -486]
15-5: [637, -337, -756]
5-16: [601, -467, -751]
17-5: [108, 172, -68]
18-5: [859, -557, 644]
5-19: [676, -834, 454]
5-20: [670, 753, 466]
21-5: [600, -503, -724]
22-5: [651, 898, 377]
5-23: [703, -385, -848]
24-5: [712, 820, 430]
5-25: [607, -826, 518]
6-7: [1174, 163, -1223]
6-8: [1283, 111, -1142]
6-9: [119, -1360, -110]
10-6: [1, 1452, 1106]
6-11: [1371, -986, -1373]
6-12: [1252, 144, -82]
6-13: [1167, 104, -1151]
6-14: [3, -1418, -233]
6-15: [7, -217, 37]
6-16: [1245, -1021, -1470]
6-17: [536, -726, -651]
18-6: [215, -3, 1363]
6-19: [1320, -1388, -265]
6-20: [1314, 199, -253]
6-21: [44, -51, 5]
22-6: [7, 1452, 1096]
6-23: [1347, -939, -1567]
24-6: [68, 1374, 1149]
6-25: [1251, -1380, -201]
7-8: [109, -52, 81]
9-7: [1055, 1523, -1113]
10-7: [1175, 1615, -117]
7-11: [197, -1149, -150]
7-12: [78, -19, 1141]
13-7: [7, 59, -72]
14-7: [1171, 1581, -990]
15-7: [1167, 380, -1260]
7-16: [71, -1184, -247]
17-7: [638, 889, -572]
18-7: [1389, 160, 140]
7-19: [146, -1551, 958]
7-20: [140, 36, 970]
21-7: [1130, 214, -1228]
22-7: [1181, 1615, -127]
7-23: [173, -1102, -344]
24-7: [1242, 1537, -74]
7-25: [77, -1543, 1022]
9-8: [1164, 1471, -1032]
10-8: [1284, 1563, -36]
8-11: [88, -1097, -231]
12-8: [31, -33, -1060]
13-8: [116, 7, 9]
14-8: [1280, 1529, -909]
15-8: [1276, 328, -1179]
16-8: [38, 1132, 328]
17-8: [747, 837, -491]
18-8: [1498, 108, 221]
8-19: [37, -1499, 877]
8-20: [31, 88, 889]
21-8: [1239, 162, -1147]
22-8: [1290, 1563, -46]
8-23: [64, -1050, -425]
24-8: [1351, 1485, 7]
25-8: [32, 1491, -941]
10-9: [120, 92, 996]
9-11: [1252, 374, -1263]
9-12: [1133, 1504, 28]
9-13: [1048, 1464, -1041]
14-9: [116, 58, 123]
15-9: [112, -1143, -147]
9-16: [1126, 339, -1360]
9-17: [417, 634, -541]
18-9: [334, -1363, 1253]
9-19: [1201, -28, -155]
9-20: [1195, 1559, -143]
21-9: [75, -1309, -115]
22-9: [126, 92, 986]
9-23: [1228, 421, -1457]
24-9: [187, 14, 1039]
9-25: [1132, -20, -91]
10-11: [1372, 466, -267]
10-12: [1253, 1596, 1024]
10-13: [1168, 1556, -45]
10-14: [4, 34, 873]
10-15: [8, 1235, 1143]
10-16: [1246, 431, -364]
10-17: [537, 726, 455]
18-10: [214, -1455, 257]
10-19: [1321, 64, 841]
10-20: [1315, 1651, 853]
10-21: [45, 1401, 1111]
22-10: [6, 0, -10]
10-23: [1348, 513, -461]
24-10: [67, -78, 43]
10-25: [1252, 72, 905]
12-11: [119, -1130, -1291]
13-11: [204, -1090, -222]
14-11: [1368, 432, -1140]
15-11: [1364, -769, -1410]
16-11: [126, 35, 97]
17-11: [835, -260, -722]
18-11: [1586, -989, -10]
19-11: [51, 402, -1108]
20-11: [57, -1185, -1120]
21-11: [1327, -935, -1378]
22-11: [1378, 466, -277]
23-11: [24, -47, 194]
24-11: [1439, 388, -224]
25-11: [120, 394, -1172]
13-12: [85, 40, 1069]
14-12: [1249, 1562, 151]
15-12: [1245, 361, -119]
16-12: [7, 1165, 1388]
17-12: [716, 870, 569]
18-12: [1467, 141, 1281]
12-19: [68, -1532, -183]
12-20: [62, 55, -171]
21-12: [1208, 195, -87]
22-12: [1259, 1596, 1014]
12-23: [95, -1083, -1485]
24-12: [1320, 1518, 1067]
25-12: [1, 1524, 119]
14-13: [1164, 1522, -918]
15-13: [1160, 321, -1188]
13-16: [78, -1125, -319]
17-13: [631, 830, -500]
18-13: [1382, 101, 212]
13-19: [153, -1492, 886]
13-20: [147, 95, 898]
21-13: [1123, 155, -1156]
22-13: [1174, 1556, -55]
13-23: [180, -1043, -416]
24-13: [1235, 1478, -2]
13-25: [84, -1484, 950]
14-15: [4, 1201, 270]
14-16: [1242, 397, -1237]
14-17: [533, 692, -418]
18-14: [218, -1421, 1130]
14-19: [1317, 30, -32]
14-20: [1311, 1617, -20]
14-21: [41, 1367, 238]
22-14: [10, 34, 863]
14-23: [1344, 479, -1334]
24-14: [71, -44, 916]
14-25: [1248, 38, 32]
15-16: [1238, -804, -1507]
15-17: [529, -509, -688]
18-15: [222, -220, 1400]
15-19: [1313, -1171, -302]
15-20: [1307, 416, -290]
15-21: [37, 166, -32]
22-15: [14, 1235, 1133]
15-23: [1340, -722, -1604]
24-15: [75, 1157, 1186]
15-25: [1244, -1163, -238]
17-16: [709, -295, -819]
18-16: [1460, -1024, -107]
16-19: [75, -367, 1205]
16-20: [69, 1220, 1217]
21-16: [1201, -970, -1475]
22-16: [1252, 431, -374]
16-23: [102, 82, -97]
24-16: [1313, 353, -321]
16-25: [6, -359, 1269]
18-17: [751, -729, 712]
17-19: [784, -662, 386]
17-20: [778, 925, 398]
21-17: [492, -675, -656]
22-17: [543, 726, 445]
17-23: [811, -213, -916]
24-17: [604, 648, 498]
17-25: [715, -654, 450]
18-19: [1535, -1391, 1098]
18-20: [1529, 196, 1110]
18-21: [259, -54, 1368]
18-22: [208, -1455, 267]
18-23: [1562, -942, -204]
18-24: [147, -1377, 214]
18-25: [1466, -1383, 1162]
20-19: [6, -1587, -12]
21-19: [1276, -1337, -270]
22-19: [1327, 64, 831]
19-23: [27, 449, -1302]
24-19: [1388, -14, 884]
25-19: [69, -8, -64]
21-20: [1270, 250, -258]
22-20: [1321, 1651, 843]
20-23: [33, -1138, -1314]
24-20: [1382, 1573, 896]
25-20: [63, 1579, -52]
22-21: [51, 1401, 1101]
21-23: [1303, -888, -1572]
24-21: [112, 1323, 1154]
21-25: [1207, -1329, -206]
22-23: [1354, 513, -471]
24-22: [61, -78, 53]
22-25: [1258, 72, 895]
24-23: [1415, 435, -418]
25-23: [96, 441, -1366]
24-25: [1319, -6, 948]
scanner 3:
0-1: [1194, -1234, 72]
0-2: [89, 23, -1420]
3-0: [71, 169, 40]
0-4: [131, -1221, -1014]
0-5: [101, -93, -54]
6-0: [37, 74, 1385]
0-7: [927, -1292, -983]
0-8: [1117, -1374, -988]
0-9: [1151, -1320, 136]
10-0: [349, 1272, 183]
0-11: [1132, 101, -1103]
0-12: [65, -171, -1467]
0-13: [996, 231, 153]
0-14: [485, -513, -514]
0-15: [967, -1445, -920]
16-0: [189, 1270, 112]
0-17: [1015, 157, -17]
0-18: [151, -1147, -959]
0-19: [120, -989, -984]
0-20: [1098, 190, 26]
0-21: [1236, 93, -1285]
22-0: [279, 1346, 116]
0-23: [1203, -1342, 42]
0-24: [1184, 238, -1193]
2-1: [1105, -1257, 1492]
3-1: [1265, -1065, 112]
4-1: [1063, -13, 1086]
5-1: [1093, -1141, 126]
6-1: [1231, -1160, 1457]
7-1: [267, 58, 1055]
8-1: [77, 140, 1060]
9-1: [43, 86, -64]
10-1: [1543, 38, 255]
11-1: [62, -1335, 1175]
12-1: [1129, -1063, 1539]
13-1: [198, -1465, -81]
14-1: [709, -721, 586]
15-1: [227, 211, 992]
16-1: [1383, 36, 184]
17-1: [179, -1391, 89]
18-1: [1043, -87, 1031]
19-1: [1074, -245, 1056]
20-1: [96, -1424, 46]
1-21: [42, 1327, -1357]
22-1: [1473, 112, 188]
1-23: [9, -108, -30]
24-1: [10, -1472, 1265]
3-2: [160, 192, -1380]
2-4: [42, -1244, 406]
2-5: [12, -116, 1366]
6-2: [126, 97, -35]
2-7: [838, -1315, 437]
2-8: [1028, -1397, 432]
2-9: [1062, -1343, 1556]
10-2: [438, 1295, -1237]
2-11: [1043, 78, 317]
12-2: [24, 194, 47]
2-13: [907, 208, 1573]
2-14: [396, -536, 906]
2-15: [878, -1468, 500]
16-2: [278, 1293, -1308]
2-17: [926, 134, 1403]
2-18: [62, -1170, 461]
2-19: [31, -1012, 436]
2-20: [1009, 167, 1446]
2-21: [1147, 70, 135]
22-2: [368, 1369, -1304]
2-23: [1114, -1365, 1462]
2-24: [1095, 215, 227]
3-4: [202, -1052, -974]
3-5: [172, 76, -14]
3-6: [34, 95, -1345]
3-7: [998, -1123, -943]
3-8: [1188, -1205, -948]
3-9: [1222, -1151, 176]
10-3: [278, 1103, 143]
3-11: [1203, 270, -1063]
3-12: [136, -2, -1427]
3-13: [1067, 400, 193]
3-14: [556, -344, -474]
3-15: [1038, -1276, -880]
16-3: [118, 1101, 72]
3-17: [1086, 326, 23]
3-18: [222, -978, -919]
3-19: [191, -820, -944]
3-20: [1169, 359, 66]
3-21: [1307, 262, -1245]
22-3: [208, 1177, 76]
3-23: [1274, -1173, 82]
3-24: [1255, 407, -1153]
5-4: [30, -1128, -960]
6-4: [168, -1147, 371]
4-7: [796, -71, 31]
4-8: [986, -153, 26]
4-9: [1020, -99, 1150]
10-4: [480, 51, -831]
4-11: [1001, 1322, -89]
12-4: [66, -1050, 453]
4-13: [865, 1452, 1167]
4-14: [354, 708, 500]
4-15: [836, -224, 94]
16-4: [320, 49, -902]
4-17: [884, 1378, 997]
4-18: [20, 74, 55]
19-4: [11, -232, -30]
4-20: [967, 1411, 1040]
4-21: [1105, 1314, -271]
22-4: [410, 125, -898]
4-23: [1072, -121, 1056]
4-24: [1053, 1459, -179]
6-5: [138, -19, 1331]
5-7: [826, -1199, -929]
5-8: [1016, -1281, -934]
5-9: [1050, -1227, 190]
10-5: [450, 1179, 129]
5-11: [1031, 194, -1049]
12-5: [36, 78, 1413]
5-13: [895, 324, 207]
5-14: [384, -420, -460]
5-15: [866, -1352, -866]
16-5: [290, 1177, 58]
5-17: [914, 250, 37]
5-18: [50, -1054, -905]
5-19: [19, -896, -930]
5-20: [997, 283, 80]
5-21: [1135, 186, -1231]
22-5: [380, 1253, 62]
5-23: [1102, -1249, 96]
5-24: [1083, 331, -1139]
6-7: [964, -1218, 402]
6-8: [1154, -1300, 397]
6-9: [1188, -1246, 1521]
10-6: [312, 1198, -1202]
6-11: [1169, 175, 282]
6-12: [102, -97, -82]
6-13: [1033, 305, 1538]
6-14: [522, -439, 871]
6-15: [1004, -1371, 465]
16-6: [152, 1196, -1273]
6-17: [1052, 231, 1368]
6-18: [188, -1073, 426]
6-19: [157, -915, 401]
6-20: [1135, 264, 1411]
6-21: [1273, 167, 100]
22-6: [242, 1272, -1269]
6-23: [1240, -1268, 1427]
6-24: [1221, 312, 192]
7-8: [190, -82, -5]
7-9: [224, -28, 1119]
10-7: [1276, -20, -800]
7-11: [205, 1393, -120]
12-7: [862, -1121, 484]
7-13: [69, 1523, 1136]
14-7: [442, -779, -469]
7-15: [40, -153, 63]
16-7: [1116, -22, -871]
7-17: [88, 1449, 966]
18-7: [776, -145, -24]
19-7: [807, -303, 1]
7-20: [171, 1482, 1009]
7-21: [309, 1385, -302]
22-7: [1206, 54, -867]
7-23: [276, -50, 1025]
7-24: [257, 1530, -210]
8-9: [34, 54, 1124]
10-8: [1466, -102, -805]
8-11: [15, 1475, -115]
12-8: [1052, -1203, 479]
13-8: [121, -1605, -1141]
14-8: [632, -861, -474]
15-8: [150, 71, -68]
16-8: [1306, -104, -876]
17-8: [102, -1531, -971]
18-8: [966, -227, -29]
19-8: [997, -385, -4]
20-8: [19, -1564, -1014]
8-21: [119, 1467, -297]
22-8: [1396, -28, -872]
8-23: [86, 32, 1030]
8-24: [67, 1612, -205]
10-9: [1500, -48, 319]
11-9: [19, -1421, 1239]
12-9: [1086, -1149, 1603]
13-9: [155, -1551, -17]
14-9: [666, -807, 650]
15-9: [184, 125, 1056]
16-9: [1340, -50, 248]
17-9: [136, -1477, 153]
18-9: [1000, -173, 1095]
19-9: [1031, -331, 1120]
20-9: [53, -1510, 110]
9-21: [85, 1413, -1421]
22-9: [1430, 26, 252]
9-23: [52, -22, -94]
9-24: [33, 1558, -1329]
10-11: [1481, 1373, -920]
10-12: [414, 1101, -1284]
10-13: [1345, 1503, 336]
10-14: [834, 759, -331]
10-15: [1316, -173, -737]
10-16: [160, 2, 71]
10-17: [1364, 1429, 166]
10-18: [500, 125, -776]
10-19: [469, 283, -801]
10-20: [1447, 1462, 209]
10-21: [1585, 1365, -1102]
10-22: [70, -74, 67]
10-23: [1552, -70, 225]
10-24: [1533, 1510, -1010]
12-11: [1067, 272, 364]
13-11: [136, -130, -1256]
14-11: [647, 614, -589]
15-11: [165, 1546, -183]
16-11: [1321, 1371, -991]
17-11: [117, -56, -1086]
18-11: [981, 1248, -144]
19-11: [1012, 1090, -119]
20-11: [34, -89, -1129]
11-21: [104, -8, -182]
22-11: [1411, 1447, -987]
11-23: [71, -1443, 1145]
11-24: [52, 137, -90]
12-13: [931, 402, 1620]
12-14: [420, -342, 953]
12-15: [902, -1274, 547]
16-12: [254, 1099, -1355]
12-17: [950, 328, 1450]
12-18: [86, -976, 508]
12-19: [55, -818, 483]
12-20: [1033, 361, 1493]
12-21: [1171, 264, 182]
22-12: [344, 1175, -1351]
12-23: [1138, -1171, 1509]
12-24: [1119, 409, 274]
14-13: [511, 744, 667]
15-13: [29, 1676, 1073]
16-13: [1185, 1501, 265]
13-17: [19, -74, -170]
18-13: [845, 1378, 1112]
19-13: [876, 1220, 1137]
13-20: [102, -41, -127]
13-21: [240, -138, -1438]
22-13: [1275, 1577, 269]
13-23: [207, -1573, -111]
13-24: [188, 7, -1346]
14-15: [482, -932, -406]
16-14: [674, 757, -402]
14-17: [530, 670, 497]
18-14: [334, 634, 445]
19-14: [365, 476, 470]
14-20: [613, 703, 540]
14-21: [751, 606, -771]
22-14: [764, 833, -398]
14-23: [718, -829, 556]
14-24: [699, 751, -679]
16-15: [1156, -175, -808]
15-17: [48, 1602, 903]
18-15: [816, -298, 39]
19-15: [847, -456, 64]
15-20: [131, 1635, 946]
15-21: [269, 1538, -365]
22-15: [1246, -99, -804]
15-23: [236, 103, 962]
15-24: [217, 1683, -273]
16-17: [1204, 1427, 95]
16-18: [340, 123, -847]
16-19: [309, 281, -872]
16-20: [1287, 1460, 138]
16-21: [1425, 1363, -1173]
22-16: [90, 76, 4]
16-23: [1392, -72, 154]
16-24: [1373, 1508, -1081]
18-17: [864, 1304, 942]
19-17: [895, 1146, 967]
17-20: [83, 33, 43]
17-21: [221, -64, -1268]
22-17: [1294, 1503, 99]
17-23: [188, -1499, 59]
17-24: [169, 81, -1176]
19-18: [31, -158, 25]
18-20: [947, 1337, 985]
18-21: [1085, 1240, -326]
22-18: [430, 199, -843]
18-23: [1052, -195, 1001]
18-24: [1033, 1385, -234]
19-20: [978, 1179, 1010]
19-21: [1116, 1082, -301]
22-19: [399, 357, -868]
19-23: [1083, -353, 1026]
19-24: [1064, 1227, -209]
20-21: [138, -97, -1311]
22-20: [1377, 1536, 142]
20-23: [105, -1532, 16]
20-24: [86, 48, -1219]
22-21: [1515, 1439, -1169]
23-21: [33, 1435, -1327]
24-21: [52, -145, -92]
22-23: [1482, 4, 158]
22-24: [1463, 1584, -1077]
24-23: [19, -1580, 1235]
scanner 4:
1-0: [1020, 1146, -217]
2-0: [286, -19, 1023]
3-0: [1441, 127, 1338]
4-0: [1470, 165, 1366]
5-0: [1387, 1071, 988]
0-6: [105, -1224, -102]
0-7: [200, -1077, -1000]
8-0: [319, 199, 1068]
9-0: [261, 156, 1074]
10-0: [617, 576, 411]
11-0: [985, 1020, -120]
12-0: [1120, -127, -50]
13-0: [938, 1044, -314]
0-14: [81, -1068, -1155]
15-0: [1302, -23, -42]
16-0: [1212, -75, 95]
17-0: [1407, 267, 1384]
18-0: [1354, 1035, 994]
0-19: [145, -1139, -1171]
0-20: [106, -80, 20]
0-21: [80, 12, -75]
0-22: [112, -1108, -111]
0-23: [164, -1217, -30]
24-0: [1379, 1140, 1052]
25-0: [697, 638, 576]
1-2: [734, 1165, -1240]
3-1: [421, -1019, 1555]
4-1: [450, -981, 1583]
5-1: [367, -75, 1205]
1-6: [1125, -78, -319]
1-7: [1220, 69, -1217]
1-8: [701, 947, -1285]
1-9: [759, 990, -1291]
1-10: [403, 570, -628]
1-11: [35, 126, -97]
12-1: [100, -1273, 167]
1-13: [82, 102, 97]
1-14: [1101, 78, -1372]
15-1: [282, -1169, 175]
16-1: [192, -1221, 312]
17-1: [387, -879, 1601]
18-1: [334, -111, 1211]
1-19: [1165, 7, -1388]
1-20: [1126, 1066, -197]
1-21: [1100, 1158, -292]
1-22: [1132, 38, -328]
1-23: [1184, -71, -247]
24-1: [359, -6, 1269]
1-25: [323, 508, -793]
3-2: [1155, 146, 315]
4-2: [1184, 184, 343]
5-2: [1101, 1090, -35]
2-6: [391, -1243, 921]
2-7: [486, -1096, 23]
8-2: [33, 218, 45]
2-9: [25, -175, -51]
10-2: [331, 595, -612]
11-2: [699, 1039, -1143]
12-2: [834, -108, -1073]
13-2: [652, 1063, -1337]
2-14: [367, -1087, -132]
15-2: [1016, -4, -1065]
16-2: [926, -56, -928]
17-2: [1121, 286, 361]
18-2: [1068, 1054, -29]
2-19: [431, -1158, -148]
2-20: [392, -99, 1043]
2-21: [366, -7, 948]
2-22: [398, -1127, 912]
2-23: [450, -1236, 993]
24-2: [1093, 1159, 29]
25-2: [411, 657, -447]
4-3: [29, 38, 28]
3-5: [54, -944, 350]
3-6: [1546, -1097, 1236]
3-7: [1641, -950, 338]
3-8: [1122, -72, 270]
3-9: [1180, -29, 264]
3-10: [824, -449, 927]
3-11: [456, -893, 1458]
3-12: [321, 254, 1388]
3-13: [503, -917, 1652]
3-14: [1522, -941, 183]
3-15: [139, 150, 1380]
3-16: [229, 202, 1243]
3-17: [34, -140, -46]
3-18: [87, -908, 344]
3-19: [1586, -1012, 167]
3-20: [1547, 47, 1358]
3-21: [1521, 139, 1263]
3-22: [1553, -981, 1227]
3-23: [1605, -1090, 1308]
3-24: [62, -1013, 286]
3-25: [744, -511, 762]
4-5: [83, -906, 378]
4-6: [1575, -1059, 1264]
4-7: [1670, -912, 366]
4-8: [1151, -34, 298]
4-9: [1209, 9, 292]
4-10: [853, -411, 955]
4-11: [485, -855, 1486]
4-12: [350, 292, 1416]
4-13: [532, -879, 1680]
4-14: [1551, -903, 211]
4-15: [168, 188, 1408]
4-16: [258, 240, 1271]
4-17: [63, -102, -18]
4-18: [116, -870, 372]
4-19: [1615, -974, 195]
4-20: [1576, 85, 1386]
4-21: [1550, 177, 1291]
4-22: [1582, -943, 1255]
4-23: [1634, -1052, 1336]
4-24: [91, -975, 314]
4-25: [773, -473, 790]
5-6: [1492, -153, 886]
5-7: [1587, -6, -12]
5-8: [1068, 872, -80]
5-9: [1126, 915, -86]
5-10: [770, 495, 577]
5-11: [402, 51, 1108]
5-12: [267, 1198, 1038]
5-13: [449, 27, 1302]
5-14: [1468, 3, -167]
5-15: [85, 1094, 1030]
5-16: [175, 1146, 893]
17-5: [20, -804, 396]
5-18: [33, 36, -6]
5-19: [1532, -68, -183]
5-20: [1493, 991, 1008]
5-21: [1467, 1083, 913]
5-22: [1499, -37, 877]
5-23: [1551, -146, 958]
5-24: [8, -69, -64]
5-25: [690, 433, 412]
6-7: [95, 147, -898]
8-6: [424, -1025, 966]
9-6: [366, -1068, 972]
10-6: [722, -648, 309]
11-6: [1090, -204, -222]
12-6: [1225, -1351, -152]
13-6: [1043, -180, -416]
14-6: [24, -156, 1053]
15-6: [1407, -1247, -144]
16-6: [1317, -1299, -7]
17-6: [1512, -957, 1282]
18-6: [1459, -189, 892]
6-19: [40, 85, -1069]
6-20: [1, 1144, 122]
21-6: [25, -1236, -27]
6-22: [7, 116, -9]
6-23: [59, 7, 72]
24-6: [1484, -84, 950]
25-6: [802, -586, 474]
8-7: [519, -878, 68]
9-7: [461, -921, 74]
10-7: [817, -501, -589]
11-7: [1185, -57, -1120]
12-7: [1320, -1204, -1050]
13-7: [1138, -33, -1314]
14-7: [119, -9, 155]
15-7: [1502, -1100, -1042]
16-7: [1412, -1152, -905]
17-7: [1607, -810, 384]
18-7: [1554, -42, -6]
19-7: [55, 62, 171]
20-7: [94, -997, -1020]
21-7: [120, -1089, -925]
22-7: [88, 31, -889]
23-7: [36, 140, -970]
24-7: [1579, 63, 52]
25-7: [897, -439, -424]
8-9: [58, 43, -6]
10-8: [298, 377, -657]
11-8: [666, 821, -1188]
12-8: [801, -326, -1118]
13-8: [619, 845, -1382]
8-14: [400, -869, -87]
15-8: [983, -222, -1110]
16-8: [893, -274, -973]
17-8: [1088, 68, 316]
18-8: [1035, 836, -74]
8-19: [464, -940, -103]
8-20: [425, 119, 1088]
8-21: [399, 211, 993]
8-22: [431, -909, 957]
8-23: [483, -1018, 1038]
24-8: [1060, 941, -16]
25-8: [378, 439, -492]
10-9: [356, 420, -663]
11-9: [724, 864, -1194]
12-9: [859, -283, -1124]
13-9: [677, 888, -1388]
9-14: [342, -912, -81]
15-9: [1041, -179, -1116]
16-9: [951, -231, -979]
17-9: [1146, 111, 310]
18-9: [1093, 879, -80]
9-19: [406, -983, -97]
9-20: [367, 76, 1094]
9-21: [341, 168, 999]
9-22: [373, -952, 963]
9-23: [425, -1061, 1044]
24-9: [1118, 984, -22]
25-9: [436, 482, -498]
11-10: [368, 444, -531]
12-10: [503, -703, -461]
13-10: [321, 468, -725]
10-14: [698, -492, -744]
15-10: [685, -599, -453]
16-10: [595, -651, -316]
17-10: [790, -309, 973]
18-10: [737, 459, 583]
10-19: [762, -563, -760]
10-20: [723, 496, 431]
10-21: [697, 588, 336]
10-22: [729, -532, 300]
10-23: [781, -641, 381]
24-10: [762, 564, 641]
25-10: [80, 62, 165]
12-11: [135, -1147, 70]
11-13: [47, -24, 194]
11-14: [1066, -48, -1275]
15-11: [317, -1043, 78]
16-11: [227, -1095, 215]
17-11: [422, -753, 1504]
18-11: [369, 15, 1114]
11-19: [1130, -119, -1291]
11-20: [1091, 940, -100]
11-21: [1065, 1032, -195]
11-22: [1097, -88, -231]
11-23: [1149, -197, -150]
24-11: [394, 120, 1172]
11-25: [288, 382, -696]
12-13: [182, -1171, 264]
12-14: [1201, -1195, -1205]
15-12: [182, 104, 8]
16-12: [92, 52, 145]
17-12: [287, 394, 1434]
18-12: [234, 1162, 1044]
12-19: [1265, -1266, -1221]
12-20: [1226, -207, -30]
12-21: [1200, -115, -125]
12-22: [1232, -1235, -161]
12-23: [1284, -1344, -80]
24-12: [259, 1267, 1102]
12-25: [423, -765, -626]
13-14: [1019, -24, -1469]
15-13: [364, -1067, 272]
16-13: [274, -1119, 409]
17-13: [469, -777, 1698]
18-13: [416, -9, 1308]
13-19: [1083, -95, -1485]
13-20: [1044, 964, -294]
13-21: [1018, 1056, -389]
13-22: [1050, -64, -425]
13-23: [1102, -173, -344]
24-13: [441, 96, 1366]
13-25: [241, 406, -890]
15-14: [1383, -1091, -1197]
16-14: [1293, -1143, -1060]
17-14: [1488, -801, 229]
18-14: [1435, -33, -161]
14-19: [64, -71, -16]
14-20: [25, 988, 1175]
21-14: [1, -1080, -1080]
14-22: [31, -40, 1044]
14-23: [83, -149, 1125]
24-14: [1460, 72, -103]
25-14: [778, -430, -579]
15-16: [90, 52, -137]
17-15: [105, 290, 1426]
18-15: [52, 1058, 1036]
15-19: [1447, -1162, -1213]
15-20: [1408, -103, -22]
15-21: [1382, -11, -117]
15-22: [1414, -1131, -153]
15-23: [1466, -1240, -72]
24-15: [77, 1163, 1094]
15-25: [605, -661, -618]
17-16: [195, 342, 1289]
18-16: [142, 1110, 899]
16-19: [1357, -1214, -1076]
16-20: [1318, -155, 115]
16-21: [1292, -63, 20]
16-22: [1324, -1183, -16]
16-23: [1376, -1292, 65]
24-16: [167, 1215, 957]
16-25: [515, -713, -481]
17-18: [53, -768, 390]
17-19: [1552, -872, 213]
17-20: [1513, 187, 1404]
17-21: [1487, 279, 1309]
17-22: [1519, -841, 1273]
17-23: [1571, -950, 1354]
17-24: [28, -873, 332]
17-25: [710, -371, 808]
18-19: [1499, -104, -177]
18-20: [1460, 955, 1014]
18-21: [1434, 1047, 919]
18-22: [1466, -73, 883]
18-23: [1518, -182, 964]
24-18: [25, 105, 58]
18-25: [657, 397, 418]
20-19: [39, -1059, -1191]
21-19: [65, -1151, -1096]
22-19: [33, -31, -1060]
19-23: [19, -78, 1141]
24-19: [1524, 1, -119]
25-19: [842, -501, -595]
21-20: [26, -92, 95]
20-22: [6, -1028, -131]
20-23: [58, -1137, -50]
24-20: [1485, 1060, 1072]
25-20: [803, 558, 596]
21-22: [32, -1120, -36]
21-23: [84, -1229, 45]
24-21: [1459, 1152, 977]
25-21: [777, 650, 501]
22-23: [52, -109, 81]
24-22: [1491, 32, 941]
25-22: [809, -470, 465]
24-23: [1543, -77, 1022]
25-23: [861, -579, 546]
24-25: [682, 502, 476]
comparing signatures for spaces 0 and 1:
  found a match in 0:[4][5] and 1:[24][1]: [52, 466, 805] and [52, -466, 805]
  found a match in 0:[7][24] and 1:[19][10]: [1120, 109, 976] and [1120, -109, 976]
  found a match in 0:[12][19] and 1:[15][2]: [870, -372, 116] and [870, 372, 116]
  found a match in 0:[24][1] and 1:[8][19]: [69, 64, 8] and [69, -64, 8]
  found a match in 0:[4][0] and 1:[3][1]: [941, 235, -443] and [941, -235, -443]
  found a match in 0:[7][6] and 1:[18][10]: [316, 505, 956] and [316, -505, 956]
  found a match in 0:[9][19] and 1:[15][0]: [1041, 123, 1055] and [1041, -123, 1055]
  found a match in 0:[3][1] and 1:[8][12]: [138, 32, 1202] and [138, -32, 1202]
  found a match in 0:[12][24] and 1:[19][2]: [906, -378, 83] and [906, 378, 83]
  found a match in 0:[7][9] and 1:[0][10]: [43, -8, -46] and [43, 8, -46]
  found a match in 0:[3][14] and 1:[5][12]: [154, 48, -97] and [154, -48, -97]
  found a match in 0:[9][3] and 1:[12][0]: [1008, 149, -172] and [1008, -149, -172]
  found a match in 0:[12][0] and 1:[3][2]: [851, -259, -1219] and [851, 259, -1219]
  found a match in 0:[4][14] and 1:[5][1]: [1081, 196, -432] and [1081, -196, -432]
  found a match in 0:[3][24] and 1:[19][12]: [69, -32, 1194] and [69, 32, 1194]
  found a match in 0:[0][19] and 1:[15][3]: [19, -113, 1335] and [19, 113, 1335]
  found a match in 0:[7][4] and 1:[1][10]: [124, -7, 117] and [124, 7, 117]
  found a match in 0:[6][19] and 1:[15][18]: [768, -390, 53] and [768, 390, 53]
  found a match in 0:[7][5] and 1:[24][10]: [176, 459, 922] and [176, -459, 922]
  found a match in 0:[9][6] and 1:[18][0]: [273, 513, 1002] and [273, -513, 1002]
  found a match in 0:[19][24] and 1:[19][15]: [36, -6, -33] and [36, 6, -33]
  found a match in 0:[1][14] and 1:[5][8]: [16, 16, -1299] and [16, -16, -1299]
  found a match in 0:[0][14] and 1:[5][3]: [140, -39, 11] and [140, 39, 11]
  found a match in 0:[6][14] and 1:[5][18]: [889, -316, -1271] and [889, 316, -1271]
  found a match in 0:[4][6] and 1:[18][1]: [192, 512, 839] and [192, -512, 839]
  found a match in 0:[6][24] and 1:[19][18]: [804, -396, 20] and [804, 396, 20]
  found a match in 0:[9][5] and 1:[24][0]: [133, 467, 968] and [133, -467, 968]
  found a match in 0:[0][24] and 1:[19][3]: [55, -119, 1302] and [55, 119, 1302]
  found a match in 0:[6][1] and 1:[8][18]: [873, -332, 28] and [873, 332, 28]
  found a match in 0:[5][3] and 1:[12][24]: [875, -318, -1140] and [875, 318, -1140]
  found a match in 0:[9][4] and 1:[1][0]: [81, 1, 163] and [81, -1, 163]
  found a match in 0:[7][12] and 1:[2][10]: [214, 487, 893] and [214, -487, 893]
  found a match in 0:[4][24] and 1:[19][1]: [996, 116, 859] and [996, -116, 859]
  found a match in 0:[12][6] and 1:[18][2]: [102, 18, 63] and [102, -18, 63]
  found a match in 0:[9][24] and 1:[19][0]: [1077, 117, 1022] and [1077, -117, 1022]
  found a match in 0:[9][1] and 1:[8][0]: [1146, 181, 1030] and [1146, -181, 1030]
  found a match in 0:[12][14] and 1:[5][2]: [991, -298, -1208] and [991, 298, -1208]
  found a match in 0:[7][3] and 1:[12][10]: [1051, 141, -218] and [1051, -141, -218]
  found a match in 0:[4][3] and 1:[12][1]: [927, 148, -335] and [927, -148, -335]
  found a match in 0:[5][1] and 1:[8][24]: [1013, -286, 62] and [1013, 286, 62]
  found a match in 0:[7][14] and 1:[5][10]: [1205, 189, -315] and [1205, -189, -315]
  found a match in 0:[19][14] and 1:[5][15]: [121, 74, -1324] and [121, -74, -1324]
  found a match in 0:[9][0] and 1:[3][0]: [1022, 236, -280] and [1022, -236, -280]
  found a match in 0:[3][19] and 1:[15][12]: [33, -26, 1227] and [33, 26, 1227]
  found a match in 0:[5][19] and 1:[15][24]: [908, -344, 87] and [908, 344, 87]
  found a match in 0:[0][1] and 1:[8][3]: [124, -55, 1310] and [124, 55, 1310]
  found a match in 0:[5][6] and 1:[18][24]: [140, 46, 34] and [140, -46, 34]
  found a match in 0:[24][14] and 1:[5][19]: [85, 80, -1291] and [85, -80, -1291]
  found a match in 0:[4][12] and 1:[2][1]: [90, 494, 776] and [90, -494, 776]
  found a match in 0:[9][14] and 1:[5][0]: [1162, 197, -269] and [1162, -197, -269]
  found a match in 0:[3][0] and 1:[3][12]: [14, 87, -108] and [14, -87, -108]
  found a match in 0:[7][19] and 1:[15][10]: [1084, 115, 1009] and [1084, -115, 1009]
  found a match in 0:[5][14] and 1:[5][24]: [1029, -270, -1237] and [1029, 270, -1237]
  found a match in 0:[9][12] and 1:[2][0]: [171, 495, 939] and [171, -495, 939]
  found a match in 0:[5][12] and 1:[2][24]: [38, 28, -29] and [38, -28, -29]
  found a match in 0:[6][3] and 1:[12][18]: [735, -364, -1174] and [735, 364, -1174]
  found a match in 0:[12][1] and 1:[8][2]: [975, -314, 91] and [975, 314, 91]
  found a match in 0:[5][24] and 1:[19][24]: [944, -350, 54] and [944, 350, 54]
  found a match in 0:[6][0] and 1:[3][18]: [749, -277, -1282] and [749, 277, -1282]
  found a match in 0:[4][1] and 1:[8][1]: [1065, 180, 867] and [1065, -180, 867]
  found a match in 0:[5][0] and 1:[3][24]: [889, -231, -1248] and [889, 231, -1248]
  found a match in 0:[7][0] and 1:[3][10]: [1065, 228, -326] and [1065, -228, -326]
  found a match in 0:[4][19] and 1:[15][1]: [960, 122, 892] and [960, -122, 892]
  found a match in 0:[7][1] and 1:[8][10]: [1189, 173, 984] and [1189, -173, 984]
  found a match in 0:[19][1] and 1:[8][15]: [105, 58, -25] and [105, -58, -25]
  found a match in 0:[12][3] and 1:[12][2]: [837, -346, -1111] and [837, 346, -1111]
comparing signatures for spaces 0 and 2:
  found a match in 0:[19][24] and 2:[19][1]: [36, -6, -33] and [36, 33, 6]
  found a match in 0:[19][1] and 2:[25][1]: [105, 58, -25] and [105, 25, -58]
  found a match in 0:[24][1] and 2:[25][19]: [69, 64, 8] and [69, -8, -64]
comparing signatures for spaces 0 and 3:
comparing signatures for spaces 0 and 4:
  found a match in 0:[19][24] and 4:[5][18]: [36, -6, -33] and [33, 36, -6]
  found a match in 0:[24][1] and 4:[5][24]: [69, 64, 8] and [8, -69, -64]
  found a match in 0:[12][19] and 4:[4][18]: [870, -372, 116] and [116, -870, 372]
  found a match in 0:[5][1] and 4:[3][24]: [1013, -286, 62] and [62, -1013, 286]
  found a match in 0:[5][12] and 4:[4][3]: [38, 28, -29] and [29, 38, 28]
  found a match in 0:[6][24] and 4:[17][5]: [804, -396, 20] and [20, -804, 396]
  found a match in 0:[12][24] and 4:[4][5]: [906, -378, 83] and [83, -906, 378]
  found a match in 0:[12][1] and 4:[4][24]: [975, -314, 91] and [91, -975, 314]
  found a match in 0:[5][19] and 4:[3][18]: [908, -344, 87] and [87, -908, 344]
  found a match in 0:[5][24] and 4:[3][5]: [944, -350, 54] and [54, -944, 350]
  found a match in 0:[19][1] and 4:[24][18]: [105, 58, -25] and [25, 105, 58]
  found a match in 0:[6][1] and 4:[17][24]: [873, -332, 28] and [28, -873, 332]
  found a match in 0:[5][6] and 4:[3][17]: [140, 46, 34] and [34, -140, -46]
  found a match in 0:[6][19] and 4:[17][18]: [768, -390, 53] and [53, -768, 390]
  found a match in 0:[12][6] and 4:[4][17]: [102, 18, 63] and [63, -102, -18]
comparing signatures for spaces 1 and 2:
  found a match in 1:[19][15] and 2:[19][1]: [36, 6, -33] and [36, 33, 6]
  found a match in 1:[13][8] and 2:[16][25]: [6, 1269, 359] and [6, -359, 1269]
  found a match in 1:[19][6] and 2:[19][11]: [51, -1108, -402] and [51, 402, -1108]
  found a match in 1:[8][19] and 2:[25][19]: [69, -64, 8] and [69, -8, -64]
  found a match in 1:[15][6] and 2:[1][11]: [15, -1114, -369] and [15, 369, -1114]
  found a match in 1:[13][19] and 2:[16][19]: [75, 1205, 367] and [75, -367, 1205]
  found a match in 1:[13][15] and 2:[16][1]: [111, 1211, 334] and [111, -334, 1211]
  found a match in 1:[8][6] and 2:[25][11]: [120, -1172, -394] and [120, 394, -1172]
  found a match in 1:[8][21] and 2:[25][23]: [96, -1366, -441] and [96, 441, -1366]
  found a match in 1:[21][6] and 2:[23][11]: [24, 194, 47] and [24, -47, 194]
  found a match in 1:[8][15] and 2:[25][1]: [105, -58, -25] and [105, 25, -58]
  found a match in 1:[13][21] and 2:[16][23]: [102, -97, -82] and [102, 82, -97]
  found a match in 1:[21][15] and 2:[23][1]: [9, 1308, 416] and [9, -416, 1308]
  found a match in 1:[19][21] and 2:[19][23]: [27, -1302, -449] and [27, 449, -1302]
  found a match in 1:[13][6] and 2:[16][11]: [126, 97, -35] and [126, 35, 97]
comparing signatures for spaces 1 and 3:
  found a match in 1:[11][21] and 3:[3][12]: [136, -2, -1427] and [136, -2, -1427]
  found a match in 1:[11][9] and 3:[3][20]: [1169, 359, 66] and [1169, 359, 66]
  found a match in 1:[21][17] and 3:[12][5]: [36, 78, 1413] and [36, 78, 1413]
  found a match in 1:[13][14] and 3:[6][0]: [37, 74, 1385] and [37, 74, 1385]
  found a match in 1:[13][16] and 3:[6][11]: [1169, 175, 282] and [1169, 175, 282]
  found a match in 1:[21][20] and 3:[12][17]: [950, 328, 1450] and [950, 328, 1450]
  found a match in 1:[9][23] and 3:[20][24]: [86, 48, -1219] and [86, 48, -1219]
  found a match in 1:[6][7] and 3:[2][13]: [907, 208, 1573] and [907, 208, 1573]
  found a match in 1:[14][7] and 3:[0][13]: [996, 231, 153] and [996, 231, 153]
  found a match in 1:[13][9] and 3:[6][20]: [1135, 264, 1411] and [1135, 264, 1411]
  found a match in 1:[9][16] and 3:[20][11]: [34, -89, -1129] and [34, -89, -1129]
  found a match in 1:[20][16] and 3:[17][11]: [117, -56, -1086] and [117, -56, -1086]
  found a match in 1:[13][17] and 3:[6][5]: [138, -19, 1331] and [138, -19, 1331]
  found a match in 1:[14][23] and 3:[0][24]: [1184, 238, -1193] and [1184, 238, -1193]
  found a match in 1:[14][6] and 3:[0][2]: [89, 23, -1420] and [89, 23, -1420]
  found a match in 1:[7][9] and 3:[13][20]: [102, -41, -127] and [102, -41, -127]
  found a match in 1:[23][22] and 3:[24][21]: [52, -145, -92] and [52, -145, -92]
  found a match in 1:[6][17] and 3:[2][5]: [12, -116, 1366] and [12, -116, 1366]
  found a match in 1:[13][22] and 3:[6][21]: [1273, 167, 100] and [1273, 167, 100]
  found a match in 1:[6][20] and 3:[2][17]: [926, 134, 1403] and [926, 134, 1403]
  found a match in 1:[20][9] and 3:[17][20]: [83, 33, 43] and [83, 33, 43]
  found a match in 1:[17][9] and 3:[5][20]: [997, 283, 80] and [997, 283, 80]
  found a match in 1:[21][22] and 3:[12][21]: [1171, 264, 182] and [1171, 264, 182]
  found a match in 1:[21][16] and 3:[12][11]: [1067, 272, 364] and [1067, 272, 364]
  found a match in 1:[6][23] and 3:[2][24]: [1095, 215, 227] and [1095, 215, 227]
  found a match in 1:[17][22] and 3:[5][21]: [1135, 186, -1231] and [1135, 186, -1231]
  found a match in 1:[14][22] and 3:[0][21]: [1236, 93, -1285] and [1236, 93, -1285]
  found a match in 1:[17][7] and 3:[5][13]: [895, 324, 207] and [895, 324, 207]
  found a match in 1:[11][6] and 3:[3][2]: [160, 192, -1380] and [160, 192, -1380]
  found a match in 1:[6][9] and 3:[2][20]: [1009, 167, 1446] and [1009, 167, 1446]
  found a match in 1:[21][7] and 3:[12][13]: [931, 402, 1620] and [931, 402, 1620]
  found a match in 1:[13][7] and 3:[6][13]: [1033, 305, 1538] and [1033, 305, 1538]
  found a match in 1:[17][20] and 3:[5][17]: [914, 250, 37] and [914, 250, 37]
  found a match in 1:[7][23] and 3:[13][24]: [188, 7, -1346] and [188, 7, -1346]
  found a match in 1:[14][9] and 3:[0][20]: [1098, 190, 26] and [1098, 190, 26]
  found a match in 1:[11][22] and 3:[3][21]: [1307, 262, -1245] and [1307, 262, -1245]
  found a match in 1:[13][20] and 3:[6][17]: [1052, 231, 1368] and [1052, 231, 1368]
  found a match in 1:[6][16] and 3:[2][11]: [1043, 78, 317] and [1043, 78, 317]
  found a match in 1:[11][13] and 3:[3][6]: [34, 95, -1345] and [34, 95, -1345]
  found a match in 1:[7][16] and 3:[13][11]: [136, -130, -1256] and [136, -130, -1256]
  found a match in 1:[21][9] and 3:[12][20]: [1033, 361, 1493] and [1033, 361, 1493]
  found a match in 1:[13][21] and 3:[6][12]: [102, -97, -82] and [102, -97, -82]
  found a match in 1:[14][16] and 3:[0][11]: [1132, 101, -1103] and [1132, 101, -1103]
  found a match in 1:[14][21] and 3:[0][12]: [65, -171, -1467] and [65, -171, -1467]
  found a match in 1:[21][6] and 3:[12][2]: [24, 194, 47] and [24, 194, 47]
  found a match in 1:[20][22] and 3:[17][21]: [221, -64, -1268] and [221, -64, -1268]
  found a match in 1:[11][16] and 3:[3][11]: [1203, 270, -1063] and [1203, 270, -1063]
  found a match in 1:[11][7] and 3:[3][13]: [1067, 400, 193] and [1067, 400, 193]
  found a match in 1:[9][22] and 3:[20][21]: [138, -97, -1311] and [138, -97, -1311]
  found a match in 1:[11][23] and 3:[3][24]: [1255, 407, -1153] and [1255, 407, -1153]
  found a match in 1:[13][6] and 3:[6][2]: [126, 97, -35] and [126, 97, -35]
  found a match in 1:[16][23] and 3:[11][24]: [52, 137, -90] and [52, 137, -90]
  found a match in 1:[17][23] and 3:[5][24]: [1083, 331, -1139] and [1083, 331, -1139]
  found a match in 1:[14][17] and 3:[0][5]: [101, -93, -54] and [101, -93, -54]
  found a match in 1:[11][17] and 3:[3][5]: [172, 76, -14] and [172, 76, -14]
  found a match in 1:[16][22] and 3:[11][21]: [104, -8, -182] and [104, -8, -182]
  found a match in 1:[7][20] and 3:[13][17]: [19, -74, -170] and [19, -74, -170]
  found a match in 1:[11][14] and 3:[3][0]: [71, 169, 40] and [71, 169, 40]
  found a match in 1:[6][22] and 3:[2][21]: [1147, 70, 135] and [1147, 70, 135]
  found a match in 1:[7][22] and 3:[13][21]: [240, -138, -1438] and [240, -138, -1438]
  found a match in 1:[11][20] and 3:[3][17]: [1086, 326, 23] and [1086, 326, 23]
  found a match in 1:[17][16] and 3:[5][11]: [1031, 194, -1049] and [1031, 194, -1049]
  found a match in 1:[20][23] and 3:[17][24]: [169, 81, -1176] and [169, 81, -1176]
  found a match in 1:[21][23] and 3:[12][24]: [1119, 409, 274] and [1119, 409, 274]
  found a match in 1:[14][20] and 3:[0][17]: [1015, 157, -17] and [1015, 157, -17]
  found a match in 1:[13][23] and 3:[6][24]: [1221, 312, 192] and [1221, 312, 192]
comparing signatures for spaces 1 and 4:
  found a match in 1:[13][16] and 4:[15][1]: [1169, 175, 282] and [282, -1169, 175]
  found a match in 1:[13][8] and 4:[24][1]: [6, 1269, 359] and [359, -6, 1269]
  found a match in 1:[15][2] and 4:[4][18]: [870, 372, 116] and [116, -870, 372]
  found a match in 1:[8][19] and 4:[5][24]: [69, -64, 8] and [8, -69, -64]
  found a match in 1:[13][18] and 4:[17][1]: [879, 1601, 387] and [387, -879, 1601]
  found a match in 1:[15][16] and 4:[18][15]: [1058, -1036, -52] and [52, 1058, 1036]
  found a match in 1:[6][18] and 4:[17][11]: [753, 1504, 422] and [422, -753, 1504]
  found a match in 1:[19][2] and 4:[4][5]: [906, 378, 83] and [83, -906, 378]
  found a match in 1:[8][16] and 4:[24][15]: [1163, -1094, -77] and [77, 1163, 1094]
  found a match in 1:[13][15] and 4:[18][1]: [111, 1211, 334] and [334, -111, 1211]
  found a match in 1:[24][22] and 4:[3][12]: [254, -1388, -321] and [321, 254, 1388]
  found a match in 1:[24][16] and 4:[3][15]: [150, -1380, -139] and [139, 150, 1380]
  found a match in 1:[24][23] and 4:[3][16]: [202, -1243, -229] and [229, 202, 1243]
  found a match in 1:[23][22] and 4:[16][12]: [52, -145, -92] and [92, 52, 145]
  found a match in 1:[13][22] and 4:[12][1]: [1273, 167, 100] and [100, -1273, 167]
  found a match in 1:[6][24] and 4:[3][11]: [893, 1458, 456] and [456, -893, 1458]
  found a match in 1:[15][18] and 4:[17][18]: [768, 390, 53] and [53, -768, 390]
  found a match in 1:[19][15] and 4:[5][18]: [36, 6, -33] and [33, 36, -6]
  found a match in 1:[2][16] and 4:[4][15]: [188, -1408, -168] and [168, 188, 1408]
  found a match in 1:[21][22] and 4:[12][13]: [1171, 264, 182] and [182, -1171, 264]
  found a match in 1:[21][16] and 4:[15][13]: [1067, 272, 364] and [364, -1067, 272]
  found a match in 1:[6][23] and 4:[16][11]: [1095, 215, 227] and [227, -1095, 215]
  found a match in 1:[21][18] and 4:[17][13]: [777, 1698, 469] and [469, -777, 1698]
  found a match in 1:[18][22] and 4:[17][12]: [394, -1434, -287] and [287, 394, 1434]
  found a match in 1:[19][18] and 4:[17][5]: [804, 396, 20] and [20, -804, 396]
  found a match in 1:[19][16] and 4:[5][15]: [1094, -1030, -85] and [85, 1094, 1030]
  found a match in 1:[15][22] and 4:[18][12]: [1162, -1044, -234] and [234, 1162, 1044]
  found a match in 1:[8][21] and 4:[24][13]: [96, -1366, -441] and [441, 96, 1366]
  found a match in 1:[8][18] and 4:[17][24]: [873, 332, 28] and [28, -873, 332]
  found a match in 1:[8][22] and 4:[24][12]: [1267, -1102, -259] and [259, 1267, 1102]
  found a match in 1:[18][2] and 4:[4][17]: [102, -18, 63] and [63, -102, -18]
  found a match in 1:[2][23] and 4:[4][16]: [240, -1271, -258] and [258, 240, 1271]
  found a match in 1:[6][16] and 4:[15][11]: [1043, 78, 317] and [317, -1043, 78]
  found a match in 1:[15][6] and 4:[18][11]: [15, -1114, -369] and [369, 15, 1114]
  found a match in 1:[8][24] and 4:[3][24]: [1013, 286, 62] and [62, -1013, 286]
  found a match in 1:[13][21] and 4:[1][13]: [102, -97, -82] and [82, 102, 97]
  found a match in 1:[15][24] and 4:[3][18]: [908, 344, 87] and [87, -908, 344]
  found a match in 1:[21][6] and 4:[11][13]: [24, 194, 47] and [47, -24, 194]
  found a match in 1:[19][21] and 4:[5][13]: [27, -1302, -449] and [449, 27, 1302]
  found a match in 1:[18][16] and 4:[17][15]: [290, -1426, -105] and [105, 290, 1426]
  found a match in 1:[2][22] and 4:[4][12]: [292, -1416, -350] and [350, 292, 1416]
  found a match in 1:[19][22] and 4:[5][12]: [1198, -1038, -267] and [267, 1198, 1038]
  found a match in 1:[18][24] and 4:[3][17]: [140, -46, 34] and [34, -140, -46]
  found a match in 1:[6][2] and 4:[4][11]: [855, 1486, 485] and [485, -855, 1486]
  found a match in 1:[13][6] and 4:[1][11]: [126, 97, -35] and [35, 126, -97]
  found a match in 1:[16][23] and 4:[15][16]: [52, 137, -90] and [90, 52, -137]
  found a match in 1:[16][22] and 4:[15][12]: [104, -8, -182] and [182, 104, 8]
  found a match in 1:[13][2] and 4:[4][1]: [981, 1583, 450] and [450, -981, 1583]
  found a match in 1:[19][6] and 4:[5][11]: [51, -1108, -402] and [402, 51, 1108]
  found a match in 1:[21][2] and 4:[4][13]: [879, 1680, 532] and [532, -879, 1680]
  found a match in 1:[13][19] and 4:[5][1]: [75, 1205, 367] and [367, -75, 1205]
  found a match in 1:[15][23] and 4:[18][16]: [1110, -899, -142] and [142, 1110, 899]
  found a match in 1:[13][24] and 4:[3][1]: [1019, 1555, 421] and [421, -1019, 1555]
  found a match in 1:[2][24] and 4:[4][3]: [38, -28, -29] and [29, 38, 28]
  found a match in 1:[8][23] and 4:[24][16]: [1215, -957, -167] and [167, 1215, 957]
  found a match in 1:[6][22] and 4:[12][11]: [1147, 70, 135] and [135, -1147, 70]
  found a match in 1:[18][23] and 4:[17][16]: [342, -1289, -195] and [195, 342, 1289]
  found a match in 1:[8][2] and 4:[4][24]: [975, 314, 91] and [91, -975, 314]
  found a match in 1:[8][6] and 4:[24][11]: [120, -1172, -394] and [394, 120, 1172]
  found a match in 1:[21][15] and 4:[18][13]: [9, 1308, 416] and [416, -9, 1308]
  found a match in 1:[8][15] and 4:[24][18]: [105, -58, -25] and [25, 105, 58]
  found a match in 1:[19][24] and 4:[3][5]: [944, 350, 54] and [54, -944, 350]
  found a match in 1:[21][24] and 4:[3][13]: [917, 1652, 503] and [503, -917, 1652]
  found a match in 1:[21][23] and 4:[16][13]: [1119, 409, 274] and [274, -1119, 409]
  found a match in 1:[19][23] and 4:[5][16]: [1146, -893, -175] and [175, 1146, 893]
  found a match in 1:[13][23] and 4:[16][1]: [1221, 312, 192] and [192, -1221, 312]
comparing signatures for spaces 2 and 3:
  found a match in 2:[16][23] and 3:[6][12]: [102, 82, -97] and [102, -97, -82]
  found a match in 2:[23][11] and 3:[12][2]: [24, -47, 194] and [24, 194, 47]
  found a match in 2:[16][11] and 3:[6][2]: [126, 35, 97] and [126, 97, -35]
comparing signatures for spaces 2 and 4:
  found a match in 2:[20][23] and 4:[13][7]: [33, -1138, -1314] and [1138, -33, -1314]
  found a match in 2:[16][25] and 4:[24][1]: [6, -359, 1269] and [359, -6, 1269]
  found a match in 2:[12][19] and 4:[5][19]: [68, -1532, -183] and [1532, -68, -183]
  found a match in 2:[25][19] and 4:[5][24]: [69, -8, -64] and [8, -69, -64]
  found a match in 2:[13][8] and 4:[6][22]: [116, 7, 9] and [7, 116, -9]
  found a match in 2:[12][23] and 4:[13][19]: [95, -1083, -1485] and [1083, -95, -1485]
  found a match in 2:[12][0] and 4:[14][19]: [71, -64, -16] and [64, -71, -16]
  found a match in 2:[12][20] and 4:[19][7]: [62, 55, -171] and [55, 62, 171]
  found a match in 2:[13][23] and 4:[13][6]: [180, -1043, -416] and [1043, -180, -416]
  found a match in 2:[16][1] and 4:[18][1]: [111, -334, 1211] and [334, -111, 1211]
  found a match in 2:[0][23] and 4:[13][14]: [24, -1019, -1469] and [1019, -24, -1469]
  found a match in 2:[19][0] and 4:[5][14]: [3, 1468, 167] and [1468, 3, -167]
  found a match in 2:[7][19] and 4:[5][23]: [146, -1551, 958] and [1551, -146, 958]
  found a match in 2:[13][1] and 4:[18][6]: [189, -1459, 892] and [1459, -189, 892]
  found a match in 2:[7][20] and 4:[23][7]: [140, 36, 970] and [36, 140, -970]
  found a match in 2:[7][23] and 4:[13][23]: [173, -1102, -344] and [1102, -173, -344]
  found a match in 2:[7][11] and 4:[11][23]: [197, -1149, -150] and [1149, -197, -150]
  found a match in 2:[8][1] and 4:[18][22]: [73, -1466, 883] and [1466, -73, 883]
  found a match in 2:[19][1] and 4:[5][18]: [36, 33, 6] and [33, 36, -6]
  found a match in 2:[16][20] and 4:[1][7]: [69, 1220, 1217] and [1220, 69, -1217]
  found a match in 2:[7][25] and 4:[24][23]: [77, -1543, 1022] and [1543, -77, 1022]
  found a match in 2:[16][8] and 4:[1][22]: [38, 1132, 328] and [1132, 38, -328]
  found a match in 2:[0][1] and 4:[18][14]: [33, -1435, -161] and [1435, -33, -161]
  found a match in 2:[12][11] and 4:[11][19]: [119, -1130, -1291] and [1130, -119, -1291]
  found a match in 2:[7][16] and 4:[1][23]: [71, -1184, -247] and [1184, -71, -247]
  found a match in 2:[25][20] and 4:[24][7]: [63, 1579, -52] and [1579, 63, 52]
  found a match in 2:[20][19] and 4:[5][7]: [6, -1587, -12] and [1587, -6, -12]
  found a match in 2:[25][23] and 4:[24][13]: [96, 441, -1366] and [441, 96, 1366]
  found a match in 2:[7][0] and 4:[14][23]: [149, -83, 1125] and [83, -149, 1125]
  found a match in 2:[8][23] and 4:[13][22]: [64, -1050, -425] and [1050, -64, -425]
  found a match in 2:[12][1] and 4:[18][19]: [104, -1499, -177] and [1499, -104, -177]
  found a match in 2:[0][11] and 4:[11][14]: [48, -1066, -1275] and [1066, -48, -1275]
  found a match in 2:[16][0] and 4:[1][14]: [78, 1101, 1372] and [1101, 78, -1372]
  found a match in 2:[13][25] and 4:[24][6]: [84, -1484, 950] and [1484, -84, 950]
  found a match in 2:[7][1] and 4:[18][23]: [182, -1518, 964] and [1518, -182, 964]
  found a match in 2:[13][12] and 4:[6][19]: [85, 40, 1069] and [40, 85, -1069]
  found a match in 2:[13][0] and 4:[14][6]: [156, -24, 1053] and [24, -156, 1053]
  found a match in 2:[1][11] and 4:[18][11]: [15, 369, -1114] and [369, 15, 1114]
  found a match in 2:[25][0] and 4:[24][14]: [72, 1460, 103] and [1460, 72, -103]
  found a match in 2:[25][8] and 4:[24][22]: [32, 1491, -941] and [1491, 32, 941]
  found a match in 2:[16][23] and 4:[1][13]: [102, 82, -97] and [82, 102, 97]
  found a match in 2:[19][23] and 4:[5][13]: [27, 449, -1302] and [449, 27, 1302]
  found a match in 2:[23][11] and 4:[11][13]: [24, -47, 194] and [47, -24, 194]
  found a match in 2:[20][1] and 4:[18][7]: [42, -1554, -6] and [1554, -42, -6]
  found a match in 2:[13][16] and 4:[1][6]: [78, -1125, -319] and [1125, -78, -319]
  found a match in 2:[13][20] and 4:[6][7]: [147, 95, 898] and [95, 147, -898]
  found a match in 2:[16][11] and 4:[1][11]: [126, 35, 97] and [35, 126, -97]
  found a match in 2:[13][7] and 4:[6][23]: [7, 59, -72] and [59, 7, 72]
  found a match in 2:[7][12] and 4:[19][23]: [78, -19, 1141] and [19, -78, 1141]
  found a match in 2:[20][11] and 4:[11][7]: [57, -1185, -1120] and [1185, -57, -1120]
  found a match in 2:[12][8] and 4:[22][19]: [31, -33, -1060] and [33, -31, -1060]
  found a match in 2:[19][11] and 4:[5][11]: [51, 402, -1108] and [402, 51, 1108]
  found a match in 2:[13][19] and 4:[5][6]: [153, -1492, 886] and [1492, -153, 886]
  found a match in 2:[16][19] and 4:[5][1]: [75, -367, 1205] and [367, -75, 1205]
  found a match in 2:[8][0] and 4:[14][22]: [40, -31, 1044] and [31, -40, 1044]
  found a match in 2:[8][20] and 4:[22][7]: [31, 88, 889] and [88, 31, -889]
  found a match in 2:[16][12] and 4:[1][19]: [7, 1165, 1388] and [1165, 7, -1388]
  found a match in 2:[13][11] and 4:[11][6]: [204, -1090, -222] and [1090, -204, -222]
  found a match in 2:[8][11] and 4:[11][22]: [88, -1097, -231] and [1097, -88, -231]
  found a match in 2:[8][19] and 4:[5][22]: [37, -1499, 877] and [1499, -37, 877]
  found a match in 2:[25][11] and 4:[24][11]: [120, 394, -1172] and [394, 120, 1172]
  found a match in 2:[23][1] and 4:[18][13]: [9, -416, 1308] and [416, -9, 1308]
  found a match in 2:[25][1] and 4:[24][18]: [105, 25, -58] and [25, 105, 58]
  found a match in 2:[25][12] and 4:[24][19]: [1, 1524, 119] and [1524, 1, -119]
  found a match in 2:[20][0] and 4:[14][7]: [9, -119, 155] and [119, -9, 155]
  found a match in 2:[7][8] and 4:[22][23]: [109, -52, 81] and [52, -109, 81]
comparing signatures for spaces 3 and 4:
  found a match in 3:[6][11] and 4:[15][1]: [1169, 175, 282] and [282, -1169, 175]
  found a match in 3:[11][21] and 4:[15][12]: [104, -8, -182] and [182, 104, 8]
  found a match in 3:[12][21] and 4:[12][13]: [1171, 264, 182] and [182, -1171, 264]
  found a match in 3:[2][11] and 4:[15][11]: [1043, 78, 317] and [317, -1043, 78]
  found a match in 3:[12][11] and 4:[15][13]: [1067, 272, 364] and [364, -1067, 272]
  found a match in 3:[2][24] and 4:[16][11]: [1095, 215, 227] and [227, -1095, 215]
  found a match in 3:[11][24] and 4:[15][16]: [52, 137, -90] and [90, 52, -137]
  found a match in 3:[2][21] and 4:[12][11]: [1147, 70, 135] and [135, -1147, 70]
  found a match in 3:[6][12] and 4:[1][13]: [102, -97, -82] and [82, 102, 97]
  found a match in 3:[12][2] and 4:[11][13]: [24, 194, 47] and [47, -24, 194]
  found a match in 3:[24][21] and 4:[16][12]: [52, -145, -92] and [92, 52, 145]
  found a match in 3:[6][21] and 4:[12][1]: [1273, 167, 100] and [100, -1273, 167]
  found a match in 3:[12][24] and 4:[16][13]: [1119, 409, 274] and [274, -1119, 409]
  found a match in 3:[6][2] and 4:[1][11]: [126, 97, -35] and [35, 126, -97]
  found a match in 3:[6][24] and 4:[16][1]: [1221, 312, 192] and [192, -1221, 312]
